 2.57748914 0.00000000
 2.56171174 0.16987776
 2.52405190 0.31689678
 2.47366188 0.44063686
 2.39537395 0.57378345
 2.25870334 0.73144437
 2.11510088 0.84345424
 1.97020618 0.92048206
 1.82679047 0.96971583
 1.68944371 0.99542324
 1.51187209 1.00004513
 1.36048348 0.97875773
 1.23374108 0.94199293
 1.08609165 0.87416436
 0.97518772 0.80181533
 0.89356987 0.73332973
 0.80430662 0.63823711
 0.73489682 0.54300181
 0.66394639 0.41214340
 0.60397586 0.23677625
 0.58177748 0.10787027
 0.57614453 0.00000000
