 1.99650812 0.00000000
 1.97283986 0.21194839
 1.93486408 0.34336052
 1.88383686 0.45998596
 1.82354216 0.56136985
 1.71704258 0.69323642
 1.59578161 0.80073924
 1.46995713 0.88135810
 1.34199483 0.93920958
 1.21586167 0.97662080
 1.04051113 1.00028906
 0.88284935 0.99497699
 0.74848717 0.97034441
 0.63077847 0.93241949
 0.52885287 0.88572901
 0.40635713 0.80922937
 0.31059327 0.72968626
 0.20497807 0.61332254
 0.11054635 0.46630127
 0.05866362 0.35016500
 0.01373787 0.18944300
-0.00398056 0.00000000
