 3.63950841 0.00000000
 3.62280897 0.17030796
 3.55666189 0.38991789
 3.50104334 0.50245860
 3.39749523 0.64951181
 3.27912490 0.76744587
 3.16770085 0.84883310
 3.04810484 0.91336955
 2.92292503 0.96054888
 2.73376658 0.99826101
 2.58385835 1.00194604
 2.45265113 0.98661782
 2.33988275 0.95900103
 2.20854418 0.90811932
 2.06851531 0.82762181
 1.93235321 0.71477848
 1.82657163 0.59105165
 1.76261385 0.49055100
 1.70020710 0.35536557
 1.66465531 0.23783053
 1.64280507 0.11686950
 1.63306016 0.00000000
