 2.66587202 0.00000000
 2.64695297 0.18598646
 2.60274673 0.34433957
 2.54362141 0.47637729
 2.45257633 0.61590660
 2.35266752 0.72611788
 2.24627773 0.81430426
 2.13801312 0.88208163
 1.98158463 0.94997272
 1.83079136 0.98793219
 1.68996049 1.00176492
 1.51290949 0.99079656
 1.36626457 0.95703403
 1.24645087 0.91109005
 1.11011149 0.83495095
 0.97274538 0.72488718
 0.85918970 0.59548773
 0.79914266 0.50376163
 0.73846592 0.38016608
 0.70156088 0.27262412
 0.67479167 0.14560441
 0.66440744 0.00000000
