 1.48592922 0.00000000
 1.47751289 0.12734304
 1.45337247 0.25169229
 1.39838939 0.40856848
 1.31987207 0.55160645
 1.22187362 0.67701740
 1.11058658 0.78106222
 0.98945096 0.86428747
 0.86257704 0.92675572
 0.67260750 0.98298055
 0.49003438 1.00062987
 0.32106512 0.98703497
 0.16889670 0.94917960
 0.03464417 0.89318539
-0.08188023 0.82399518
-0.18160084 0.74544830
-0.26576224 0.66041568
-0.33569094 0.57098901
-0.39263360 0.47866051
-0.45596798 0.33718545
-0.50386631 0.14518643
-0.51419242 0.00000000
