 7.29622357 0.00000000
 7.27742451 0.16651263
 7.23939919 0.31134932
 7.16748663 0.47520404
 7.05465787 0.64284555
 6.94548209 0.75551141
 6.82574257 0.84567057
 6.70192246 0.91389319
 6.58452814 0.95947677
 6.44996491 0.99200285
 6.30138848 1.00618686
 6.14429836 0.99704089
 5.97824843 0.95952444
 5.81802745 0.89307581
 5.69971685 0.82058515
 5.57388674 0.71483376
 5.47634125 0.60313223
 5.41811700 0.51271758
 5.37126720 0.40867713
 5.34325602 0.30121721
 5.32399161 0.17948200
 5.31535430 0.14885133
 5.30609327 0.12762298
 5.29517720 0.10959360
 5.28331721 0.09474127
 5.26974755 0.08154120
 5.23638025 0.05691118
 5.19467178 0.00720907
 5.19391521 0.00000000
