 7.18554690 0.00000000
 7.17074904 0.14633722
 7.13912800 0.27925874
 7.07985053 0.43036987
 6.98529150 0.58952818
 6.89277005 0.70041342
 6.78867166 0.79358978
 6.67800668 0.86855543
 6.57076205 0.92318447
 6.44445475 0.96822836
 6.30063248 0.99782035
 6.14346250 1.00598162
 5.97124382 0.98625562
 5.79884582 0.93481636
 5.66729249 0.87079784
 5.56495210 0.80251873
 5.48454615 0.73503780
 5.40912588 0.65692396
 5.33714389 0.56110080
 5.27588328 0.44547928
 5.23726776 0.32145541
 5.21685336 0.20106152
 5.20537740 0.15460766
 5.19941029 0.13967545
 5.18357486 0.11108890
 5.16533383 0.08900405
 5.14011300 0.06712830
 5.11784679 0.04947317
 5.08805503 0.00000000
