 5.16627568 0.00000000
 5.14201080 0.19982658
 5.10218286 0.33691643
 5.03961176 0.47677145
 4.95123128 0.61351697
 4.85268812 0.72373180
 4.72529649 0.82769226
 4.57101039 0.91510458
 4.44134693 0.96331867
 4.29529552 0.99493895
 4.13775157 1.00461256
 3.95728521 0.98469855
 3.82067860 0.94666772
 3.66324633 0.87454557
 3.51815154 0.77411676
 3.42757710 0.68855649
 3.33922115 0.57898300
 3.27969278 0.48150449
 3.23338142 0.38039878
 3.19941401 0.27598092
 3.16959539 0.14645523
 3.14974352 0.00000000
