 5.09088103 0.00000000
 5.07011863 0.18422415
 5.03507231 0.31350355
 4.98020157 0.44611394
 4.90225267 0.57770020
 4.81443257 0.68615410
 4.69886541 0.79182089
 4.55610637 0.88517900
 4.43371531 0.94066490
 4.29292068 0.98190407
 4.13768420 1.00308884
 3.95528084 0.99671106
 3.81385546 0.96821852
 3.69610564 0.92751435
 3.59910887 0.88061610
 3.48966029 0.81055716
 3.38945030 0.72610011
 3.29019070 0.61473548
 3.22238307 0.51344225
 3.16886879 0.40655400
 3.12965928 0.29553506
 3.09736264 0.16166584
 3.07491486 0.00000000
