 3.29859681 0.00000000
 3.26726409 0.23761777
 3.22432101 0.37075453
 3.16680761 0.49178725
 3.09711944 0.59933054
 2.98799960 0.72302140
 2.85687104 0.82938567
 2.70750089 0.91332461
 2.57587871 0.96233780
 2.44937895 0.99072904
 2.33104230 1.00212788
 2.18031163 0.99636160
 2.00190509 0.95919793
 1.86254130 0.90478019
 1.75400341 0.84415075
 1.64020988 0.75868956
 1.53124969 0.64794747
 1.44573391 0.52973131
 1.39386425 0.43463615
 1.34969754 0.32634605
 1.32063652 0.22086663
 1.30265961 0.11771501
 1.29341485 0.00000000
