 6.82441700 0.00000000
 6.81819093 0.09324843
 6.78923217 0.23983414
 6.71715235 0.43277042
 6.63611998 0.57312945
 6.53674654 0.69481557
 6.42717066 0.79384836
 6.26538155 0.89676888
 6.13155377 0.95305630
 5.96724557 0.99375252
 5.78046466 1.00552514
 5.61970347 0.98787699
 5.48189831 0.95089341
 5.36548064 0.90208736
 5.23831299 0.82712319
 5.14827031 0.75658627
 5.06123906 0.67112299
 4.96257323 0.53846016
 4.90087261 0.40653809
 4.87281723 0.30315670
 4.84916586 0.18585202
 4.83733262 0.15012367
 4.82317350 0.12168486
 4.79394061 0.08311327
 4.75799658 0.04359637
 4.74480763 0.02099480
 4.74038740 0.00000000
