 2.69534057 0.00000000
 2.67525133 0.19165515
 2.62862320 0.35392136
 2.56627645 0.48875121
 2.47063841 0.63022942
 2.36636181 0.74078916
 2.25599584 0.82813319
 2.14436209 0.89417768
 1.98434849 0.95854913
 1.83149914 0.99242964
 1.68996797 1.00216059
 1.51369577 0.98605767
 1.36908015 0.94838435
 1.25185311 0.89970682
 1.11944530 0.82126691
 0.98710193 0.71019080
 0.87849311 0.58152130
 0.82133812 0.49110303
 0.76378505 0.36997533
 0.72889812 0.26507383
 0.70363977 0.14150979
 0.69383002 0.00000000
