 6.03418173 0.00000000
 6.01000384 0.19619084
 5.95223145 0.37874896
 5.87956848 0.52276572
 5.80434705 0.63031967
 5.66211966 0.77426674
 5.55586339 0.85156420
 5.44190438 0.91329894
 5.32277785 0.95912418
 5.16009063 0.99591866
 5.01557484 1.00541920
 4.87231145 0.99415316
 4.74029928 0.96522754
 4.62093426 0.92191166
 4.50443897 0.86145639
 4.40128946 0.78969954
 4.31304816 0.71093413
 4.22452560 0.61020092
 4.16393391 0.52059205
 4.11792079 0.42453101
 4.08585627 0.32285608
 4.05951956 0.20874974
 4.02786665 0.12273041
 3.99300387 0.05820776
 3.97522678 0.01586645
 3.97362109 0.00000000
