 1.85741052 0.00000000
 1.83949105 0.18468319
 1.79055408 0.35799840
 1.72350250 0.49909223
 1.63815733 0.62454235
 1.53823799 0.73246433
 1.43123912 0.81927540
 1.31884667 0.88770970
 1.20428860 0.93861380
 1.03844068 0.98439765
 0.88238105 1.00079974
 0.74381445 0.99477548
 0.61797402 0.97224022
 0.50546891 0.93744107
 0.36563623 0.87226289
 0.25267732 0.79801525
 0.16175706 0.72005832
 0.08875342 0.64138694
 0.00575539 0.52600960
-0.06086004 0.39823720
-0.10503322 0.27442041
-0.13058470 0.15831136
-0.14292408 0.00000000
