 2.38465048 0.00000000
 2.36123288 0.20887497
 2.31224737 0.36995358
 2.25666663 0.48760072
 2.15573516 0.63570865
 2.04449840 0.75110892
 1.92677561 0.84059390
 1.80410025 0.90847736
 1.68049758 0.95628641
 1.51105578 0.99349292
 1.35717154 1.00144676
 1.22101321 0.98868470
 1.05319175 0.94594007
 0.92016585 0.88828429
 0.81802902 0.82690711
 0.70207070 0.73397126
 0.60874038 0.63423726
 0.53766165 0.53540211
 0.48531534 0.44154780
 0.42431777 0.28476637
 0.39180873 0.13000905
 0.38360103 0.00000000
