 6.22850889 0.00000000
 6.19249998 0.24187510
 6.14402588 0.38364523
 6.08251701 0.50745566
 6.01195904 0.61262807
 5.90989887 0.72649625
 5.72712227 0.86524140
 5.59718919 0.93025974
 5.46411086 0.97415604
 5.33193528 0.99881534
 5.16105489 1.00415686
 5.01815218 0.98590986
 4.88391637 0.94931185
 4.76658955 0.89964150
 4.66540408 0.84104640
 4.57063942 0.77007313
 4.45399739 0.65501144
 4.36325635 0.52999613
 4.31860099 0.44025092
 4.28789810 0.34959513
 4.26395797 0.24830856
 4.23917082 0.15953244
 4.21656022 0.11083413
 4.18003070 0.05140381
 4.16413334 0.01345505
 4.16278311 0.00000000
