 6.64407562 0.00000000
 6.63574706 0.11050097
 6.56576764 0.36635860
 6.50585721 0.49250549
 6.43178669 0.60603606
 6.34682556 0.70448807
 6.21609278 0.81682398
 6.10256237 0.88741550
 5.95612237 0.95139300
 5.77932383 0.99468950
 5.61743560 1.00577491
 5.47078638 0.99332990
 5.34086942 0.96342406
 5.19216231 0.90541892
 5.08202694 0.84321138
 4.98904689 0.77417145
 4.84368014 0.62694353
 4.76122965 0.50057660
 4.72368705 0.41452997
 4.70037604 0.33691427
 4.67902738 0.23774046
 4.65804115 0.15941317
 4.64324390 0.12761785
 4.61950265 0.09199490
 4.58319718 0.04580614
 4.56583840 0.00000000
