 7.26922031 0.00000000
 7.25147190 0.16140764
 7.21512080 0.30327288
 7.14651274 0.46398378
 7.03840122 0.62967444
 6.93344846 0.74211961
 6.81754912 0.83327954
 6.69689402 0.90341104
 6.58185402 0.95143208
 6.44907288 0.98719459
 6.30135349 1.00525054
 6.14389298 1.00032148
 5.97600033 0.96697892
 5.81256597 0.90390936
 5.69095403 0.83320523
 5.56089105 0.72830566
 5.45922303 0.61607316
 5.39775873 0.52417099
 5.34762181 0.41722243
 5.31727074 0.30582766
 5.29798918 0.18513747
 5.29078434 0.15710432
 5.27940549 0.12913784
 5.26886836 0.11132855
 5.25596527 0.09491475
 5.22752176 0.06952162
 5.18346130 0.03430882
 5.16829895 0.00359456
 5.16810828 0.00000000
