 1.36041867 0.00000000
 1.35392973 0.11222190
 1.33497724 0.22284041
 1.29156449 0.36402749
 1.22870725 0.49576973
 1.14864443 0.61526508
 1.05553943 0.71891894
 0.95146811 0.80678677
 0.83925694 0.87813476
 0.66475352 0.95291706
 0.48928537 0.99209117
 0.31961476 0.99966159
 0.16042902 0.98033863
 0.01465553 0.93889853
-0.11614665 0.87974391
-0.23139238 0.80670679
-0.33113068 0.72298654
-0.41578278 0.63117876
-0.48595065 0.53334734
-0.54228261 0.43111523
-0.58539083 0.32575122
-0.61581374 0.21821593
-0.63382679 0.10966659
-0.63968248 0.00000000
