 2.53464872 0.00000000
 2.52021395 0.16253265
 2.48537551 0.30427464
 2.43875278 0.42406714
 2.36610838 0.55389625
 2.23800533 0.71007113
 2.10185937 0.82368916
 1.96286452 0.90436342
 1.82359309 0.95848256
 1.68863417 0.98962226
 1.51179579 1.00177363
 1.35889042 0.98684212
 1.22931686 0.95500629
 1.07655213 0.89195883
 0.96050514 0.82211464
 0.87434995 0.75459546
 0.77942715 0.65932875
 0.70510900 0.56266770
 0.62866181 0.42840695
 0.56364062 0.24672377
 0.53947273 0.11243636
 0.53335154 0.00000000
