 4.93213429 0.00000000
 4.91734488 0.15457619
 4.87288688 0.32397639
 4.78944600 0.50607891
 4.72152699 0.60828046
 4.62933573 0.71338551
 4.51093159 0.81395565
 4.40578691 0.88066714
 4.27976358 0.93874463
 4.13443196 0.98183932
 3.95460951 1.00405600
 3.80777477 0.99784088
 3.68022334 0.97460543
 3.57118324 0.94060474
 3.44383958 0.88210148
 3.32279650 0.80406279
 3.19827464 0.69268115
 3.10108129 0.57176609
 3.04602022 0.48089513
 2.98542584 0.34068138
 2.94592988 0.19532264
 2.91727650 0.00000000
