 3.69586642 0.00000000
 3.67706685 0.18081271
 3.60404650 0.41044063
 3.54264668 0.52713575
 3.42920685 0.67740521
 3.30132516 0.79492997
 3.18254597 0.87360891
 3.05674961 0.93362669
 2.92686613 0.97486865
 2.73408093 1.00234736
 2.58420749 0.99761869
 2.45507211 0.97523085
 2.34560102 0.94202363
 2.21984285 0.88560551
 2.08775631 0.80096077
 1.96129926 0.68669525
 1.86431917 0.56464563
 1.80618786 0.46705541
 1.74994918 0.33736721
 1.71813529 0.22560112
 1.69810693 0.10930218
 1.68924108 0.00000000
