 3.05448484 0.00000000
 3.03531876 0.18538449
 2.98942162 0.34792933
 2.92475609 0.48895620
 2.85083505 0.60273037
 2.75717074 0.71034396
 2.64398568 0.80742913
 2.48107657 0.90519084
 2.32386108 0.96452757
 2.17910005 0.99425304
 1.99328331 1.00095497
 1.83578967 0.97919623
 1.70473142 0.94075637
 1.55841910 0.87279437
 1.45045498 0.80185908
 1.36980592 0.73410316
 1.28524253 0.64469295
 1.20703543 0.53725257
 1.13274046 0.39551272
 1.09266531 0.28356590
 1.06363594 0.15136222
 1.05236722 0.00000000
