 6.95368692 0.00000000
 6.94505676 0.11010269
 6.90878792 0.27412493
 6.81940680 0.48536676
 6.71906184 0.63501028
 6.59844030 0.75928844
 6.46976226 0.85443881
 6.28632391 0.94415569
 6.14062220 0.98569322
 5.96856470 1.00578905
 5.78174105 0.99362454
 5.62789558 0.95669522
 5.50095336 0.90527420
 5.39689782 0.84679179
 5.28657854 0.76471246
 5.17610412 0.65477873
 5.08207318 0.52164894
 5.02114292 0.37908935
 4.99729313 0.27960847
 4.98258053 0.19674449
 4.96919343 0.15174304
 4.95174489 0.11685616
 4.93451821 0.09402156
 4.90632598 0.06566447
 4.87615753 0.03192964
 4.86552055 0.00548403
 4.86517551 0.00000000
