 6.30686694 0.00000000
 6.26483682 0.26242535
 6.20976498 0.41214174
 6.13942209 0.54212721
 6.05932547 0.65071825
 5.98513214 0.72922130
 5.88186924 0.81491477
 5.74529503 0.89815441
 5.60660135 0.95560483
 5.46764430 0.99027263
 5.33247001 1.00497622
 5.16176376 0.99695178
 5.02239135 0.96827984
 4.89422089 0.92292361
 4.78448166 0.86688759
 4.69137791 0.80433286
 4.60509395 0.73133978
 4.52164527 0.64326049
 4.45719138 0.55634756
 4.40559119 0.46137750
 4.36880804 0.35930887
 4.33034846 0.19858084
 4.30686175 0.13450705
 4.27272304 0.07548464
 4.23954525 0.00863849
 4.23888388 0.00000000
