 6.59292655 0.00000000
 6.58561950 0.10358706
 6.52137548 0.34893844
 6.46632049 0.47108139
 6.39842889 0.58167743
 6.31983425 0.67896015
 6.19761832 0.79227372
 6.09021691 0.86555104
 5.94987445 0.93468097
 5.77776179 0.98593150
 5.61741370 1.00504288
 5.46988565 1.00003303
 5.33728835 0.97646039
 5.18341659 0.92467990
 5.06773930 0.86614140
 4.96914784 0.79909359
 4.86700982 0.70961247
 4.79586760 0.63088467
 4.72782978 0.53248729
 4.67141358 0.41213751
 4.63573550 0.27840595
 4.61643441 0.19014307
 4.60145179 0.14810617
 4.58464472 0.11618261
 4.55074556 0.07012194
 4.51625062 0.00000000
