 2.56142310 0.00000000
 2.54616213 0.16708870
 2.50958564 0.31211219
 2.46064240 0.43436479
 2.38451175 0.56628115
 2.25109439 0.72343472
 2.11029979 0.83611056
 1.96759962 0.91456604
 1.82569901 0.96567880
 1.68919709 0.99345248
 1.51182542 1.00090669
 1.35980573 0.98198416
 1.23195738 0.94703414
 1.08235646 0.88094173
 0.96951586 0.80948188
 0.88620310 0.74132028
 0.79483962 0.64612372
 0.72361739 0.55033010
 0.65064594 0.41818385
 0.58882550 0.24046046
 0.56590784 0.10956025
 0.56009677 0.00000000
