 1.31236277 0.00000000
 1.30649313 0.10691511
 1.28922505 0.21262793
 1.24959054 0.34808859
 1.19196254 0.47541052
 1.11806466 0.59217012
 1.03143782 0.69491164
 0.93373086 0.78361572
 0.82732175 0.85738891
 0.65959306 0.93805890
 0.48813714 0.98478446
 0.31959457 1.00038779
 0.15894591 0.98862054
 0.00963926 0.95357237
-0.12615873 0.89924249
-0.24726551 0.82929012
-0.35319942 0.74691455
-0.44394002 0.65482705
-0.51973974 0.55527776
-0.58098164 0.45011350
-0.62808125 0.34084655
-0.66144058 0.22868701
-0.68126404 0.11496459
-0.68773327 0.00000000
