 7.08575033 0.00000000
 7.07393441 0.12977903
 7.04715865 0.25252813
 6.99737895 0.39258903
 6.91698809 0.54328030
 6.83784384 0.65091015
 6.74734597 0.74453009
 6.64871375 0.82324591
 6.55136331 0.88385698
 6.43430424 0.93823648
 6.29736874 0.98034246
 6.14332424 1.00365910
 5.96892337 1.00104244
 5.78822368 0.96548014
 5.64584484 0.91167826
 5.53246870 0.84917696
 5.44199173 0.78432128
 5.35355548 0.70455288
 5.24387246 0.57013911
 5.15930042 0.39896205
 5.12558478 0.25829595
 5.11554715 0.19557115
 5.10529797 0.15779986
 5.08997479 0.12383360
 5.06981392 0.09532494
 5.02257661 0.05167465
 4.99226218 0.00000000
