 6.37716442 0.00000000
 6.32900232 0.28195857
 6.26721616 0.43899971
 6.18793621 0.57438501
 6.09851324 0.68542920
 6.01657645 0.76400462
 5.90410682 0.84745719
 5.75786446 0.92495513
 5.61211687 0.97439884
 5.46906363 1.00001381
 5.33250107 1.00535728
 5.16369791 0.98555494
 5.02871595 0.94823516
 4.90693346 0.89596669
 4.80446714 0.83532698
 4.71859220 0.77026322
 4.63954321 0.69634407
 4.56831732 0.61486365
 4.50929377 0.52778181
 4.46363622 0.43273631
 4.43204207 0.33153297
 4.40399407 0.20905442
 4.39128120 0.16819176
 4.35793031 0.10124062
 4.30703574 0.00000000
