 7.19903877 0.00000000
 7.18379469 0.14869231
 7.15145505 0.28302952
 7.09076195 0.43567094
 6.99412424 0.59592498
 6.89966969 0.70714324
 6.79368531 0.80010135
 6.68139722 0.87439536
 6.57285429 0.92805726
 6.44541357 0.97168778
 6.30084060 0.99947523
 6.14347716 1.00553574
 5.97180783 0.98355503
 5.80074282 0.93012798
 5.67075275 0.86491331
 5.52952771 0.76314481
 5.41689549 0.65027301
 5.34665549 0.55500740
 5.28728500 0.44074322
 5.25010856 0.31879065
 5.22997929 0.19863278
 5.21747568 0.15024278
 5.21070800 0.13447426
 5.19551231 0.10852674
 5.17779528 0.08779107
 5.15870931 0.07106648
 5.12406797 0.04313775
 5.10647520 0.02041281
 5.10097385 0.00000000
