 1.49928415 0.00000000
 1.49063299 0.12906546
 1.46586530 0.25495645
 1.40949135 0.41355832
 1.32912701 0.55775860
 1.22906456 0.68366894
 1.11575000 0.78756078
 0.99278833 0.87006579
 0.86442969 0.93136916
 0.67305039 0.98536989
 0.49003458 1.00061893
 0.32144934 0.98480420
 0.17027661 0.94511717
 0.03741036 0.88777685
-0.07752587 0.81773940
-0.17560514 0.73881130
-0.25817919 0.65380659
-0.32664932 0.56475198
-0.38230906 0.47307676
-0.44412299 0.33296938
-0.49079302 0.14330168
-0.50084060 0.00000000
