 5.62209617 0.00000000
 5.61257400 0.12190766
 5.56318784 0.31804529
 5.50997191 0.44651166
 5.43582950 0.57209513
 5.34183893 0.68841297
 5.22896278 0.79186381
 5.11139138 0.87101711
 4.99468197 0.92855213
 4.86545804 0.97219916
 4.73209624 0.99765251
 4.59748848 1.00493084
 4.45077221 0.99236081
 4.30605872 0.95785237
 4.16995208 0.90286908
 4.03456934 0.82270558
 3.94455321 0.75090562
 3.85152277 0.65558622
 3.76377115 0.53606862
 3.70467371 0.42247628
 3.66837493 0.32034556
 3.63077316 0.15851734
 3.61275032 0.09674292
 3.59311016 0.05536770
 3.57745640 0.02717608
 3.57047192 0.00000000
