 1.26696489 0.00000000
 1.24583248 0.20338939
 1.20947490 0.33359064
 1.15642185 0.45673538
 1.08799674 0.57073265
 0.96197194 0.71902421
 0.81445001 0.83694805
 0.65342817 0.92252634
 0.48632948 0.97593178
 0.31954171 0.99895834
 0.15817671 0.99444682
 0.00606481 0.96577886
-0.13411353 0.91648142
-0.26062550 0.84995775
-0.37246644 0.76932842
-0.46915513 0.67735783
-0.55056003 0.57644014
-0.61675899 0.46862356
-0.66793278 0.35565735
-0.70431225 0.23901068
-0.72600538 0.12021195
-0.73311198 0.00000000
