 6.81095679 0.00000000
 6.80494593 0.09162555
 6.77666871 0.23644537
 6.70617365 0.42753477
 6.62694545 0.56685987
 6.52964394 0.68809350
 6.42200437 0.78730452
 6.26253893 0.89127818
 6.13010825 0.94889373
 5.96688228 0.99157627
 5.78045800 1.00582381
 5.61925963 0.99028512
 5.48051274 0.95498524
 5.36291114 0.90737984
 5.23400821 0.83340049
 5.14251104 0.76324925
 5.04746933 0.67065042
 4.95361639 0.54597290
 4.89117065 0.41699919
 4.85993753 0.30579297
 4.83645715 0.18923868
 4.82552631 0.15479911
 4.81285691 0.12756426
 4.80024746 0.10751599
 4.77094406 0.07292569
 4.74035902 0.03725650
 4.72737840 0.00000000
