 7.01296736 0.00000000
 7.00300588 0.11862716
 6.97929970 0.23426551
 6.93545881 0.36661813
 6.86414503 0.51086616
 6.79369898 0.61543418
 6.71257289 0.70821762
 6.62263533 0.78839854
 6.48505902 0.88033023
 6.29241709 0.96210765
 6.14242498 0.99579626
 5.96858191 1.00579550
 5.78376756 0.98288227
 5.63458966 0.93795162
 5.51350931 0.88107571
 5.41551776 0.81929811
 5.31274427 0.73528389
 5.18968290 0.59712627
 5.11210876 0.46320750
 5.07680009 0.36722644
 5.05474979 0.26969352
 5.03924236 0.18330766
 5.01920461 0.12929213
 4.98925191 0.08794180
 4.96394073 0.06426045
 4.92429766 0.01300657
 4.92226903 0.00000000
