 3.00355371 0.00000000
 2.98629676 0.17585987
 2.94440082 0.33171183
 2.88536657 0.46772539
 2.81758190 0.57854940
 2.73091204 0.68494053
 2.62506749 0.78286547
 2.47067750 0.88470485
 2.31935562 0.95010208
 2.17787654 0.98650182
 1.99322481 1.00251434
 1.83395314 0.98865469
 1.69943518 0.95626954
 1.54705254 0.89395720
 1.43309069 0.82594797
 1.34712568 0.75935574
 1.25618504 0.66983356
 1.17134349 0.56049131
 1.09012000 0.41423397
 1.02950464 0.23734928
 1.00698550 0.10490693
 1.00152502 0.00000000
