 3.91319067 0.00000000
 3.89928865 0.15349506
 3.85675583 0.32024743
 3.77724641 0.49739142
 3.68817147 0.62882287
 3.58685780 0.73726553
 3.47756005 0.82491852
 3.36441190 0.89279963
 3.21882909 0.95361157
 3.07327092 0.98963740
 2.93150654 1.00320956
 2.73578568 0.98873260
 2.59452158 0.95336311
 2.47973597 0.90755087
 2.38719726 0.85751573
 2.28573837 0.78651304
 2.18452117 0.69365116
 2.09221820 0.58093938
 2.03005226 0.48031426
 1.97723922 0.36322833
 1.93554298 0.22801037
 1.90425334 0.00000000
