 3.05984672 0.00000000
 3.04046878 0.18641324
 2.99412913 0.34967406
 2.92884170 0.49123029
 2.85425010 0.60530243
 2.75983022 0.71302003
 2.64586259 0.80998246
 2.48206418 0.90726582
 2.32425596 0.96592609
 2.17918644 0.99492685
 1.99330174 1.00064103
 1.83604064 0.97806486
 1.70537786 0.93901257
 1.55972742 0.87049539
 1.45239896 0.79928666
 1.37230447 0.73143455
 1.28839842 0.64206182
 1.21086711 0.53484009
 1.13727111 0.39358300
 1.09759950 0.28212765
 1.06887333 0.15057793
 1.05771928 0.00000000
