 5.58711446 0.00000000
 5.53182364 0.30736508
 5.48164944 0.43280765
 5.41187835 0.55585848
 5.32279544 0.67101782
 5.21518186 0.77479490
 5.10221582 0.85564517
 4.98911057 0.91577359
 4.86287870 0.96307740
 4.73142051 0.99285715
 4.59748385 1.00473678
 4.45008295 0.99721967
 4.30316474 0.96747776
 4.16362023 0.91632305
 4.02347890 0.83896261
 3.92946137 0.76819521
 3.83180932 0.67290499
 3.73885340 0.55183542
 3.67547501 0.43532314
 3.63621310 0.32968507
 3.59744576 0.16630583
 3.57452821 0.08882256
 3.56597335 0.06993937
 3.54490871 0.03063514
 3.53616696 0.00000000
