 3.85414813 0.00000000
 3.84190777 0.14391479
 3.80360621 0.30260178
 3.73190196 0.47255231
 3.65121763 0.60031979
 3.55843466 0.70781190
 3.45703233 0.79685025
 3.35079058 0.86797269
 3.21203366 0.93482121
 3.07098941 0.97832224
 2.93131269 0.99999326
 2.73459017 0.99698731
 2.58973715 0.96943629
 2.47018987 0.92924556
 2.37255365 0.88296065
 2.26425413 0.81485712
 2.15479383 0.72309196
 2.05386551 0.60902615
 1.98499705 0.50529462
 1.92604354 0.38313919
 1.88009999 0.24216733
 1.84547699 0.00000000
