 5.84282099 0.00000000
 5.82686481 0.15812438
 5.75547959 0.39188121
 5.67782948 0.54025092
 5.57090876 0.67919036
 5.44211553 0.79765204
 5.29431639 0.89183175
 5.14941115 0.95330459
 5.01348958 0.98859821
 4.87119394 1.00442470
 4.73300354 1.00043043
 4.60151051 0.97878092
 4.46670544 0.93687735
 4.34178406 0.87765405
 4.23067919 0.80514103
 4.13541623 0.72358989
 4.04741143 0.62659887
 3.95962907 0.49514280
 3.90011075 0.35263206
 3.87496902 0.25396714
 3.85185653 0.15376043
 3.82804815 0.09542936
 3.79727690 0.03669636
 3.78675999 0.00170013
 3.78673333 0.00033688
 3.78673261 0.00000000
