 5.92903773 0.00000000
 5.90973423 0.17446777
 5.86122885 0.34305392
 5.80037487 0.47767790
 5.73732391 0.57997976
 5.61521414 0.72217664
 5.47137150 0.83834804
 5.31007819 0.92505191
 5.15620328 0.97638769
 5.01525389 1.00058704
 4.87124650 1.00422074
 4.73468846 0.98866354
 4.60770896 0.95660899
 4.48050720 0.90536643
 4.36512707 0.83945473
 4.26452095 0.76316990
 4.17950351 0.68061318
 4.07993511 0.55340193
 4.00205444 0.39735094
 3.96522024 0.26149380
 3.94850214 0.19075802
 3.93067204 0.13688703
 3.91390480 0.09971722
 3.88076250 0.03655737
 3.87093424 0.00207295
 3.87100666 0.00000000
