 6.89173326 0.00000000
 6.88433498 0.10173442
 6.85175084 0.25728879
 6.77115267 0.45963796
 6.68051711 0.60500522
 6.57037112 0.72846556
 6.45093984 0.82598683
 6.27768000 0.92273589
 6.13728641 0.97177830
 5.96831658 1.00205352
 5.78074734 1.00134933
 5.62299197 0.97340074
 5.49046589 0.92848535
 5.38028679 0.87421855
 5.26191667 0.79502605
 5.17898462 0.72304903
 5.07393371 0.60467331
 4.99564256 0.47414098
 4.96072018 0.38453612
 4.93748250 0.29054180
 4.92292182 0.20968760
 4.90664622 0.15263667
 4.89275945 0.12349762
 4.87387455 0.09675956
 4.84079711 0.06184809
 4.80676138 0.01100675
 4.80542059 0.00000000
