 2.94459566 0.00000000
 2.92933081 0.16537729
 2.89164013 0.31372610
 2.83853042 0.44400050
 2.77732781 0.55118570
 2.69832655 0.65568284
 2.60072729 0.75389016
 2.45627045 0.85942435
 2.31227411 0.93098338
 2.17533060 0.97457340
 1.99317324 1.00109462
 1.83284676 0.99658821
 1.69505202 0.97169157
 1.53622088 0.91674033
 1.41547862 0.85287443
 1.32329309 0.78822403
 1.22470325 0.69917061
 1.13169349 0.58807132
 1.06701816 0.48570019
 1.01923977 0.38651755
 0.97403236 0.25109400
 0.94874590 0.11110823
 0.94264797 0.00000000
