 3.73074913 0.00000000
 3.72142596 0.12556505
 3.69070623 0.26823309
 3.63292253 0.42355905
 3.56766570 0.54279489
 3.44778177 0.69477942
 3.31386272 0.81164237
 3.19055688 0.88825802
 3.06108598 0.94511221
 2.92857700 0.98238116
 2.73411089 1.00330302
 2.58473006 0.99339656
 2.45725278 0.96679717
 2.35009372 0.93035574
 2.22799765 0.87086730
 2.10089377 0.78409337
 1.98031518 0.66937342
 1.88852415 0.54862364
 1.83377803 0.45292898
 1.78109277 0.32665536
 1.75138870 0.21832757
 1.73237994 0.10474799
 1.72402261 0.00000000
