 1.35507881 0.00000000
 1.34866166 0.11161953
 1.32990394 0.22168355
 1.28692761 0.36222621
 1.22467148 0.49347845
 1.14531279 0.61268061
 1.05294187 0.71625180
 0.94958449 0.80423669
 0.83801565 0.87588026
 0.66424576 0.95135144
 0.48919074 0.99138695
 0.31960765 0.99985603
 0.16022427 0.98136359
 0.01403131 0.94061346
-0.11734201 0.88196861
-0.23324400 0.80924680
-0.33366624 0.72565131
-0.41898340 0.63379325
-0.48976150 0.53575857
-0.54662214 0.43319538
-0.59015808 0.32739902
-0.62089461 0.21935653
-0.63910068 0.11024250
-0.64502160 0.00000000
