 5.21207025 0.00000000
 5.18543499 0.20980706
 5.14238924 0.35178852
 5.07462928 0.49609460
 4.97936548 0.63571553
 4.87394808 0.74650535
 4.73924320 0.84871064
 4.57814231 0.93166455
 4.44451378 0.97490293
 4.29593943 1.00027519
 4.13783254 1.00277690
 3.95950269 0.97489705
 3.82643323 0.93152219
 3.67512647 0.85452580
 3.53756240 0.75156156
 3.45264822 0.66586385
 3.37052241 0.55781995
 3.31564259 0.46286857
 3.27330328 0.36531925
 3.24209557 0.26462530
 3.21353697 0.13741400
 3.19518084 0.00000000
