 7.23412472 0.00000000
 7.21766810 0.15495067
 7.18338208 0.29301661
 7.11885023 0.44967122
 7.01661663 0.61270300
 6.91700388 0.72464589
 6.80608022 0.81684676
 6.68958933 0.88920190
 6.57773826 0.94017093
 6.44750591 0.97997197
 6.30119769 1.00296134
 6.14359435 1.00353280
 5.97362441 0.97578782
 5.80623505 0.91738952
 5.68038803 0.84927713
 5.54476709 0.74577276
 5.43766041 0.63308383
 5.37186859 0.53940487
 5.31724094 0.42875043
 5.28361068 0.31212061
 5.26405236 0.19210392
 5.25435038 0.15424710
 5.23851469 0.11975930
 5.22526639 0.10074588
 5.20083872 0.07642454
 5.17157713 0.05416345
 5.14362155 0.02638894
 5.13577096 0.00928318
 5.13454720 0.00000000
