 6.68985387 0.00000000
 6.68051374 0.11702354
 6.60498780 0.38246069
 6.54032601 0.51223395
 6.46034911 0.62820290
 6.36944385 0.72736238
 6.23092733 0.83822876
 6.11199713 0.90590912
 5.96041859 0.96470903
 5.78007011 1.00044493
 5.61749423 1.00423326
 5.47226692 0.98524195
 5.34522974 0.94999472
 5.20154959 0.88693526
 5.09653466 0.82193620
 5.00842899 0.75155670
 4.92535917 0.66950269
 4.82975375 0.54131553
 4.76827022 0.41156087
 4.74341472 0.32649813
 4.72313843 0.22860010
 4.70850497 0.17096619
 4.69132013 0.13048597
 4.67677812 0.10689958
 4.64695997 0.06947039
 4.61017668 0.00000000
