 2.73285168 0.00000000
 2.71117536 0.19909485
 2.66127497 0.36643794
 2.59458987 0.50482369
 2.49285867 0.64862188
 2.38287864 0.75937504
 2.26740432 0.84535638
 2.15154358 0.90891022
 1.98720254 0.96847287
 1.83206176 0.99696269
 1.68998718 1.00141281
 1.51513294 0.97887478
 1.37339386 0.93643879
 1.25962317 0.88453369
 1.13229141 0.80350227
 1.00626337 0.69148600
 0.91513623 0.58044091
 0.84602024 0.46759813
 0.79632834 0.35734262
 0.76386217 0.25575181
 0.74040556 0.13646346
 0.73127917 0.00000000
