 6.60638512 0.00000000
 6.59881989 0.10536860
 6.53311155 0.35346464
 6.47682372 0.47665443
 6.40734946 0.58804094
 6.32710867 0.68566750
 6.20267339 0.79878873
 6.09365319 0.87141646
 5.95167468 0.93925625
 5.77826000 0.98846898
 5.61742883 1.00548639
 5.47005860 0.99851300
 5.33810811 0.97324044
 5.18554565 0.91976423
 5.07130146 0.86020539
 4.97420448 0.79257913
 4.87376081 0.70287520
 4.77354866 0.58316271
 4.68390599 0.40923906
 4.64868143 0.27583150
 4.62899051 0.18650800
 4.61279218 0.14298923
 4.59432986 0.11000464
 4.55902743 0.06360730
 4.52930497 0.00000000
