 5.52227701 0.00000000
 5.47335507 0.28837632
 5.42833488 0.40834078
 5.36604235 0.52658220
 5.28556127 0.63915961
 5.18731111 0.74286547
 5.08284764 0.82609485
 4.97662672 0.89032587
 4.85638027 0.94371342
 4.72914490 0.98102427
 4.59726773 1.00121625
 4.44952620 1.00309157
 4.29939718 0.98256718
 4.15408665 0.93918745
 4.00547164 0.86787752
 3.90406709 0.79967463
 3.79744080 0.70505240
 3.68027666 0.56011664
 3.62135860 0.45789764
 3.56889311 0.32229131
 3.52330780 0.13018121
 3.51217009 0.09250951
 3.49542868 0.05757096
 3.47898082 0.02711873
 3.47280988 0.00000000
