 7.28272120 0.00000000
 7.26445383 0.16394496
 7.22727521 0.30729057
 7.15703367 0.46957114
 7.04658499 0.63624828
 6.93953275 0.74882257
 6.82171404 0.83950422
 6.69947157 0.90870306
 6.58324273 0.95552353
 6.44955047 0.98968124
 6.30137734 1.00580874
 6.14407379 0.99876846
 5.97707661 0.96332368
 5.81523141 0.89854081
 5.69526641 0.82692104
 5.56732500 0.72157207
 5.46772501 0.60958584
 5.40789063 0.51841472
 5.35941551 0.41291475
 5.33025359 0.30349752
 5.31100410 0.18234698
 5.30314303 0.15308106
 5.29012531 0.12348167
 5.27328834 0.09901327
 5.25142912 0.07758843
 5.21905356 0.05391100
 5.18836844 0.02348926
 5.18110083 0.00244426
 5.18101238 0.00000000
