 6.23661231 0.00000000
 6.20001744 0.24394213
 6.15090091 0.38652255
 6.08853135 0.51097455
 6.01702945 0.61652849
 5.91373960 0.73052691
 5.72921224 0.86877369
 5.59833849 0.93307852
 5.46459356 0.97606833
 5.33204080 0.99972836
 5.16108204 1.00368858
 5.01847282 0.98433131
 4.88480676 0.94678059
 4.76823064 0.89639347
 4.66787346 0.83732996
 4.57400546 0.76609431
 4.43003869 0.61603195
 4.35168706 0.49424330
 4.30931747 0.39366027
 4.27167004 0.24656518
 4.25636849 0.18636908
 4.23931289 0.13991965
 4.22271977 0.10733545
 4.18605399 0.04796569
 4.17173902 0.01200093
 4.17065587 0.00000000
