 1.79323633 0.00000000
 1.77748864 0.17325842
 1.73412820 0.33720601
 1.67444330 0.47193955
 1.59772098 0.59362581
 1.50690520 0.70044111
 1.35482483 0.82775309
 1.19517531 0.91626099
 1.03548196 0.97100246
 0.88213311 0.99700440
 0.74338588 0.99986244
 0.61520862 0.98520817
 0.49882914 0.95693718
 0.35174423 0.89864344
 0.23092173 0.82834152
 0.13234099 0.75197681
 0.05229714 0.67311067
-0.03964104 0.55513177
-0.12394858 0.40044281
-0.17540678 0.25136985
-0.20154190 0.10765777
-0.20704259 0.00000000
