 6.11241781 0.00000000
 6.08396167 0.21369223
 6.01818540 0.40702052
 5.93523709 0.55801188
 5.84985591 0.66876046
 5.69172879 0.81207554
 5.57580894 0.88552867
 5.45353797 0.94103364
 5.32830351 0.97904462
 5.16092332 1.00371664
 5.01577042 1.00191971
 4.87501325 0.97996492
 4.74804442 0.94194075
 4.63552202 0.89154400
 4.52762182 0.82585684
 4.43361844 0.75132134
 4.31994795 0.63254635
 4.21037929 0.45796480
 4.16243681 0.31548189
 4.14298217 0.22812143
 4.12143633 0.15707682
 4.09317812 0.09831319
 4.06657461 0.05235978
 4.05345186 0.02225757
 4.05049582 0.00988421
 4.04985631 0.00000000
