 2.60426829 0.00000000
 2.58759413 0.17462026
 2.54805831 0.32500970
 2.49516300 0.45124571
 2.41316946 0.58640018
 2.32204796 0.69537583
 2.22381708 0.78471490
 2.12266573 0.85549224
 1.97417104 0.92998000
 1.82834218 0.97596095
 1.68972772 0.99815408
 1.51202419 0.99804364
 1.36184971 0.97287339
 1.23706207 0.93317916
 1.09274414 0.86261042
 0.98508239 0.78891130
 0.90626717 0.71998470
 0.82044237 0.62516296
 0.75397785 0.53091660
 0.68629035 0.40223184
 0.62928942 0.23075684
 0.60824059 0.10511172
 0.60289183 0.00000000
