 4.62566686 0.00000000
 4.60947672 0.16375458
 4.54300580 0.38537938
 4.47989535 0.51217943
 4.37058240 0.66278772
 4.26023672 0.77075697
 4.09525903 0.88272835
 3.94222295 0.94988087
 3.80497450 0.98646419
 3.67529361 1.00253078
 3.55571932 1.00231047
 3.40449102 0.98137431
 3.24795611 0.93345648
 3.12227003 0.87298535
 3.02182905 0.80738606
 2.92088303 0.72112152
 2.83019103 0.61937412
 2.75275575 0.50325192
 2.69732419 0.38840875
 2.65686053 0.26645194
 2.62805556 0.13698463
 2.61255306 0.00000000
