 1.79858362 0.00000000
 1.78266515 0.17418401
 1.73886455 0.33889784
 1.67859477 0.47416167
 1.60118123 0.59617644
 1.50962716 0.70311070
 1.35651037 0.83023467
 1.19603740 0.91822557
 1.03579472 0.97225613
 0.88217509 0.99747569
 0.74339945 0.99959362
 0.61537926 0.98426917
 0.49929371 0.95543230
 0.35278795 0.89652617
 0.23261363 0.82585746
 0.13467630 0.74932814
 0.05523174 0.67045404
-0.03593605 0.55267033
-0.11945823 0.39848855
-0.17040132 0.25007328
-0.19625894 0.10710306
-0.20169968 0.00000000
