 4.97516878 0.00000000
 4.95893080 0.16219407
 4.91104950 0.33757327
 4.82121842 0.52492817
 4.74827836 0.62909693
 4.65000099 0.73484807
 4.52507273 0.83412656
 4.41509594 0.89835405
 4.28465378 0.95237732
 4.13602634 0.98993012
 3.95462163 1.00453364
 3.80856782 0.99207710
 3.68316359 0.96376472
 3.57706385 0.92584904
 3.45437873 0.86362916
 3.33898428 0.78326058
 3.22157868 0.67130711
 3.13949462 0.56526715
 3.07325936 0.44995860
 3.02412065 0.32787340
 2.98687212 0.18594736
 2.96002119 0.00000000
