 2.67122965 0.00000000
 2.65210268 0.18700574
 2.60746551 0.34606532
 2.54776644 0.47861022
 2.45589902 0.61850146
 2.35520377 0.72878839
 2.24809405 0.81683612
 2.13921450 0.88431297
 1.98212304 0.95158141
 1.83093985 0.98881022
 1.68996399 1.00190119
 1.51303234 0.98999524
 1.36674062 0.95551129
 1.24738801 0.90905763
 1.11175889 0.83248276
 0.97530925 0.72221647
 0.86266321 0.59293671
 0.80315048 0.50144393
 0.74305242 0.37829579
 0.70652215 0.27123636
 0.68003411 0.14485128
 0.66975689 0.00000000
