 5.98564445 0.00000000
 5.96383288 0.18591269
 5.91053459 0.36194931
 5.84359579 0.50161471
 5.77420820 0.60685552
 5.64146126 0.75033494
 5.54114535 0.82932425
 5.43259837 0.89423725
 5.31774045 0.94436519
 5.15879331 0.98814681
 5.01554952 1.00454820
 4.87155894 1.00011881
 4.73711270 0.97723085
 4.61397498 0.93888616
 4.49238081 0.88237569
 4.38354844 0.81300509
 4.28967921 0.73511749
 4.19487016 0.63379988
 4.12659418 0.53878947
 4.07756832 0.44416505
 4.04065542 0.33459906
 4.01088686 0.21280984
 3.97905550 0.11646700
 3.95754138 0.07586884
 3.92708070 0.01335015
 3.92627433 0.00000000
