 6.86211120 0.00000000
 6.85524900 0.09792362
 6.82430609 0.24950264
 6.74758157 0.44767479
 6.66129201 0.59087608
 6.55596878 0.71366080
 6.44090606 0.81197800
 6.27265537 0.91163002
 6.13505873 0.96398224
 5.96798079 0.99893717
 5.78055321 1.00373528
 5.62130955 0.98026135
 5.48634898 0.93873174
 5.37336415 0.88675532
 5.25110616 0.80928118
 5.16507871 0.73784089
 5.08809229 0.65896220
 5.01401458 0.56068586
 4.95121957 0.44034508
 4.90898104 0.29598892
 4.89431922 0.21564036
 4.88014695 0.16231368
 4.86928305 0.13593457
 4.85681326 0.11421547
 4.82577371 0.07666683
 4.78053652 0.01898296
 4.77680871 0.00000000
