 5.97755629 0.00000000
 5.95611916 0.18424204
 5.90353275 0.35920391
 5.83750133 0.49814580
 5.76905021 0.60298095
 5.63785152 0.74632384
 5.53851676 0.82554651
 5.43088362 0.89093759
 5.31676818 0.94173970
 5.15850038 0.98664070
 5.01553215 1.00417579
 4.87148393 1.00089490
 4.73668710 0.97903722
 4.61296175 0.94156043
 4.49054172 0.88575906
 4.38076593 0.81683774
 4.28594623 0.73913966
 4.19005852 0.63776089
 4.11255910 0.52834419
 4.05671775 0.41341378
 4.00325079 0.21474255
 3.97227545 0.11950391
 3.95155762 0.07941421
 3.92272223 0.02584208
 3.91828774 0.00288733
 3.91838064 0.00000000
