 6.21770523 0.00000000
 6.18246500 0.23913982
 6.13483383 0.37983388
 6.07445408 0.50278879
 6.00513917 0.60744375
 5.90470550 0.72111909
 5.72425927 0.86049053
 5.59559047 0.92643486
 5.46342054 0.97152143
 5.33177089 0.99750068
 5.16102941 1.00468053
 5.01776211 0.98792379
 4.88278881 0.95261138
 4.76447408 0.90391770
 4.66219319 0.84596703
 4.56621199 0.77536532
 4.48374357 0.69894063
 4.41358455 0.61912942
 4.32671472 0.48248139
 4.27794808 0.35234226
 4.25367670 0.25063075
 4.22958765 0.16307239
 4.20821723 0.11542404
 4.17211451 0.05606971
 4.15407702 0.01560490
 4.15228530 0.00000000
