 2.10088292 0.00000000
 2.07177993 0.23480616
 2.02569012 0.37817470
 1.96397087 0.50386738
 1.89211324 0.61076020
 1.76760965 0.74524907
 1.62931262 0.84933623
 1.48968487 0.92206793
 1.35152077 0.96908324
 1.21902594 0.99422600
 1.04060832 0.99973269
 0.88568421 0.97831494
 0.75756919 0.94111490
 0.64816305 0.89368669
 0.55551137 0.84035918
 0.44663817 0.75856928
 0.36330830 0.67765757
 0.27317538 0.56382371
 0.19412962 0.42482431
 0.15131301 0.31747489
 0.11463926 0.17120348
 0.10024449 0.00000000
