 5.98834046 0.00000000
 5.96640285 0.18647221
 5.91286519 0.36286784
 5.84562103 0.50277456
 5.77591902 0.60814940
 5.64265393 0.75167072
 5.54201034 0.83057923
 5.43315937 0.89532960
 5.31805583 0.94523005
 5.15888569 0.98863559
 5.01555404 1.00465788
 4.87158673 0.99984611
 4.73726092 0.97661615
 4.61432180 0.93798459
 4.49300459 0.88124102
 4.38448691 0.81172403
 4.29093423 0.73377609
 4.19648103 0.63248079
 4.12853777 0.53759131
 4.07983405 0.44320615
 4.04315588 0.33392873
 4.00448003 0.17927684
 3.97467261 0.10164340
 3.95949222 0.07466564
 3.92966388 0.01298593
 3.92890605 0.00000000
