 3.50806815 0.00000000
 3.49547197 0.14785760
 3.44296900 0.34519169
 3.39885960 0.44803183
 3.31585207 0.58595002
 3.21821918 0.70209785
 3.07231404 0.82503190
 2.90682675 0.91777607
 2.73000588 0.97694308
 2.58363596 0.99982294
 2.45071167 1.00168455
 2.33268849 0.98848980
 2.19050625 0.95305791
 2.03308526 0.88570163
 1.91752813 0.81347533
 1.83182063 0.74373610
 1.74560296 0.65472594
 1.66626194 0.54844728
 1.58724204 0.40076747
 1.54119638 0.26885361
 1.51411957 0.13565696
 1.50199354 0.00000000
