 5.62747624 0.00000000
 5.61782797 0.12269966
 5.56799445 0.31971213
 5.51429236 0.44864864
 5.43945756 0.57461521
 5.34469634 0.69109486
 5.23099996 0.79447097
 5.11272214 0.87333699
 4.99546778 0.93044974
 4.86580142 0.97351250
 4.73217236 0.99828700
 4.59748956 1.00485344
 4.45090961 0.99151065
 4.30656265 0.95628554
 4.17100200 0.90073817
 4.03636003 0.82017275
 3.94695598 0.74823549
 3.85462568 0.65293146
 3.76766026 0.53367018
 3.70920360 0.42053511
 3.67334165 0.31893728
 3.63589460 0.15730499
 3.61854441 0.09783667
 3.59715527 0.05305392
 3.58223530 0.02604960
 3.57574907 0.00000000
