 1.81729992 0.00000000
 1.80076952 0.17746106
 1.75539397 0.34487745
 1.69303621 0.48199774
 1.61316450 0.60514216
 1.51899658 0.71245586
 1.36223773 0.83884968
 1.19890501 0.92496023
 1.03678974 0.97645024
 0.88228562 0.99890436
 0.74347277 0.99842961
 0.61605706 0.98077706
 0.50104294 0.94998979
 0.35660236 0.88899501
 0.23870861 0.81709724
 0.14301720 0.74003832
 0.06565264 0.66117195
-0.02285448 0.54410400
-0.10367668 0.39170962
-0.15285465 0.24558449
-0.17776315 0.10518531
-0.18299919 0.00000000
