 4.79503410 0.00000000
 4.78414309 0.13226858
 4.74909968 0.28343900
 4.68311713 0.44909706
 4.62930375 0.54417831
 4.55499732 0.64527018
 4.45651998 0.74711258
 4.36683429 0.81909654
 4.25621515 0.88731386
 4.12382097 0.94562463
 3.95300334 0.99037071
 3.80726857 1.00418515
 3.67579972 0.99824812
 3.55957200 0.97839965
 3.41909509 0.93454071
 3.28072197 0.86704717
 3.17449659 0.79519589
 3.09280448 0.72425783
 3.01316210 0.63722220
 2.94367583 0.54020076
 2.88624992 0.43459938
 2.84617942 0.33374116
 2.81604725 0.22630759
 2.79231053 0.10789849
 2.78101706 0.00000000
