 6.88096102 0.00000000
 6.87376150 0.10033454
 6.84178283 0.25443790
 6.76261681 0.45526200
 6.67358372 0.59984941
 6.56520612 0.72308413
 6.44736851 0.82091931
 6.27592171 0.91875832
 6.13652731 0.96902600
 5.96821549 1.00101884
 5.78066036 1.00231607
 5.62233427 0.97598282
 5.48890372 0.93227892
 5.37769431 0.87882440
 5.25790873 0.80023121
 5.17385735 0.72843240
 5.09999387 0.65091283
 5.02834607 0.55364810
 4.96743388 0.43385422
 4.92710979 0.29250427
 4.91252437 0.21186587
 4.89709029 0.15625413
 4.88443254 0.12816133
 4.86721724 0.10208226
 4.83536648 0.06722152
 4.79700435 0.01355458
 4.79501766 0.00000000
