 7.17475462 0.00000000
 7.16030596 0.14447369
 7.12924821 0.27626994
 7.07107960 0.42616260
 6.97815455 0.58443453
 6.88715866 0.69503302
 6.78456244 0.78835557
 6.67519764 0.86382944
 6.56900044 0.91920470
 6.44362225 0.96535447
 6.30043292 0.99637244
 6.14345780 1.00620810
 5.97084225 0.98829894
 5.79741193 0.93847882
 5.66462150 0.87544989
 5.56107886 0.80768966
 5.47960059 0.74041124
 5.40131611 0.66025698
 5.33584911 0.57533771
 5.26487422 0.44491392
 5.22703381 0.32368134
 5.20942311 0.22235200
 5.19791671 0.16525880
 5.19016940 0.14364786
 5.17589300 0.11610138
 5.15948520 0.09445401
 5.13590829 0.07241054
 5.11344698 0.05472311
 5.07771208 0.00000000
