 6.30416398 0.00000000
 6.26235527 0.26169530
 6.20752593 0.41113357
 6.13750716 0.54090786
 6.05775475 0.64939197
 5.98385134 0.72787753
 5.88093970 0.81363567
 5.74474272 0.89706869
 5.60633719 0.95480462
 5.46756086 0.98980700
 5.33246520 1.00486376
 5.16171840 0.99729853
 5.02219932 0.96897349
 4.89379997 0.92390168
 4.78378819 0.86806388
 4.69040480 0.80562478
 4.60383446 0.73268309
 4.52007179 0.64458761
 4.45529799 0.55756994
 4.40337087 0.46237964
 4.36632467 0.35999791
 4.32783774 0.19930260
 4.30466318 0.13548934
 4.27086061 0.07672749
 4.23697666 0.00902246
 4.23626001 0.00000000
