 2.24811930 0.00000000
 2.23035057 0.18209692
 2.19218191 0.32581443
 2.14886417 0.43223436
 2.06875731 0.57027421
 1.97788584 0.68309416
 1.87910677 0.77575437
 1.77305354 0.85151675
 1.66272195 0.91067170
 1.50563107 0.96738112
 1.35669783 0.99546994
 1.21962938 1.00127054
 1.04335343 0.98082159
 0.89754576 0.93874374
 0.78171130 0.88697392
 0.64583438 0.80091996
 0.53304544 0.70185497
 0.44501074 0.59891584
 0.37889370 0.49788285
 0.30049747 0.32407850
 0.25800151 0.14841568
 0.24725410 0.00000000
