 2.33913124 0.00000000
 2.31776152 0.19957427
 2.27268191 0.35470736
 2.22151170 0.46859164
 2.12793595 0.61356430
 2.02376493 0.72848661
 1.91247118 0.81950191
 1.79525744 0.89050016
 1.67584232 0.94252448
 1.50999705 0.98666703
 1.35716370 1.00150518
 1.22014163 0.99489070
 1.04886722 0.95925768
 0.91121296 0.90634490
 0.80435189 0.84773688
 0.68176565 0.75654793
 0.58214712 0.65661376
 0.50569278 0.55614757
 0.44904500 0.45978138
 0.38268148 0.29735853
 0.34712623 0.13587386
 0.33814870 0.00000000
