 1.71838492 0.00000000
 1.70484945 0.16078635
 1.66721849 0.31428593
 1.61519739 0.44162408
 1.54764141 0.55848044
 1.46675136 0.66318106
 1.32893116 0.79221071
 1.18103049 0.88701963
 1.02962746 0.95098052
 0.88087152 0.98751281
 0.74334305 1.00063394
 0.61371755 0.99553512
 0.49382898 0.97554656
 0.33921122 0.92652651
 0.20953409 0.86209413
 0.10190843 0.78867887
 0.01326642 0.71043174
-0.08992387 0.59020045
-0.18589356 0.42861655
-0.24509274 0.27019280
-0.27542581 0.11574982
-0.28183875 0.00000000
