 6.08543518 0.00000000
 6.05852290 0.20752352
 5.99562430 0.39710173
 5.91637597 0.54570150
 5.83460208 0.65543284
 5.68203734 0.79917130
 5.56945091 0.87411222
 5.44997370 0.93191783
 5.32672844 0.97274099
 5.16076854 1.00170054
 5.01563644 1.00380581
 4.87383395 0.98547858
 4.74497779 0.95049310
 4.63000348 0.90240148
 4.51909814 0.83836291
 4.42195926 0.76464175
 4.33940029 0.68538793
 4.23595029 0.55455110
 4.16640261 0.41698786
 4.13710967 0.32162131
 4.11737828 0.23423261
 4.09757712 0.16602716
 4.07239636 0.10976467
 4.03309356 0.03773493
 4.02494287 0.01427033
 4.02357403 0.00000000
