 6.14480446 0.00000000
 6.11439428 0.22128475
 6.04499008 0.41916221
 5.95738148 0.57299029
 5.86753139 0.68482654
 5.70263212 0.82732917
 5.58273136 0.89876410
 5.45723153 0.95130265
 5.32978662 0.98578488
 5.16099399 1.00518677
 5.01609132 0.99872589
 4.87683118 0.97251651
 4.75231812 0.93099916
 4.64284304 0.87803382
 4.53860067 0.81057815
 4.44823996 0.73525407
 4.36180517 0.64446215
 4.26532503 0.50393120
 4.21467624 0.38552551
 4.19231764 0.30295186
 4.16687139 0.19536882
 4.12896266 0.10410656
 4.09518612 0.04628423
 4.08429504 0.01989343
 4.08163164 0.00634309
 4.08138560 0.00000000
