 6.55524750 0.00000000
 6.54862504 0.09874026
 6.48831974 0.33648088
 6.43655300 0.45572470
 6.37292837 0.56405042
 6.29882912 0.66024332
 6.18273305 0.77386158
 6.07987262 0.84874514
 5.94421183 0.92123635
 5.77598645 0.97796610
 5.61728021 1.00285270
 5.46959021 1.00334668
 5.33541628 0.98464300
 5.17808420 0.93782148
 5.05850183 0.88234689
 4.95571667 0.81712780
 4.79987261 0.67887198
 4.70086072 0.55047219
 4.65373286 0.46164472
 4.62202574 0.37624439
 4.59954312 0.28571190
 4.58105363 0.19991139
 4.56107814 0.14336454
 4.54643805 0.11610394
 4.50812807 0.06327171
 4.47969127 0.00000000
