 2.32039064 0.00000000
 2.29981408 0.19585551
 2.25625184 0.34858609
 2.20680117 0.46092372
 2.11613313 0.60453450
 2.01479318 0.71914233
 1.90611965 0.81064537
 1.79118604 0.88278247
 1.67357186 0.93641811
 1.50936800 0.98329760
 1.35714542 1.00093037
 1.21992981 0.99686846
 1.04741114 0.96426733
 0.90794901 0.91344247
 0.79918102 0.85610080
 0.67385379 0.76578637
 0.57158410 0.66588668
 0.49283502 0.56481969
 0.43433321 0.46744949
 0.36563805 0.30269048
 0.32874978 0.13836568
 0.31943403 0.00000000
