 3.04912310 0.00000000
 3.03016675 0.18436078
 2.98470794 0.34619181
 2.92065866 0.48668953
 2.84740348 0.60016315
 2.75449111 0.70766786
 2.64208690 0.80486905
 2.48006886 0.90309969
 2.32345168 0.96310567
 2.17900637 0.99355185
 1.99326808 1.00124046
 1.83555042 0.98030215
 1.70410244 0.94247965
 1.55713230 0.87508043
 1.44853309 0.80442510
 1.36732837 0.73677028
 1.28210488 0.64732731
 1.20321768 0.53967161
 1.12821805 0.39745024
 1.08773558 0.28501101
 1.05839986 0.15215050
 1.04701521 0.00000000
