 7.22602712 0.00000000
 7.20985717 0.15348897
 7.17603057 0.29068823
 7.11240524 0.44641258
 7.01148779 0.60881314
 6.91308197 0.72060771
 6.80330206 0.81300808
 6.68777827 0.88583563
 6.57668105 0.93744889
 6.44707218 0.97815289
 6.30113613 1.00226237
 6.14355426 1.00410283
 5.97315796 0.97767440
 5.80489450 0.92039732
 5.67808210 0.85292647
 5.54117128 0.74979186
 5.43279706 0.63703606
 5.36598911 0.54297363
 5.31028936 0.43147692
 5.27586483 0.31362588
 5.25619947 0.19364539
 5.24657436 0.15537126
 5.23233262 0.12330998
 5.22015144 0.10472812
 5.19735916 0.08046671
 5.16864330 0.05803779
 5.13846903 0.03010365
 5.12859900 0.01133573
 5.12680076 0.00000000
