 7.08035790 0.00000000
 7.06868813 0.12892658
 7.04215231 0.25114037
 6.99283971 0.39061926
 6.91315624 0.54083892
 6.83468728 0.64825881
 6.74490209 0.74184786
 6.64691811 0.82070759
 6.55011112 0.88158427
 6.43358785 0.93640906
 6.29708664 0.97914437
 6.14329306 1.00325278
 5.96887094 1.00157260
 5.78780705 0.96692080
 5.64488891 0.91373680
 5.53092657 0.85161168
 5.43989934 0.78694811
 5.35083564 0.70724703
 5.26665430 0.61002464
 5.19379815 0.49351687
 5.13974638 0.35235073
 5.12032456 0.25910419
 5.11033280 0.19664094
 5.09342682 0.14159171
 5.06665977 0.09802504
 5.02011259 0.05433302
 4.98708104 0.00000000
