 1.85473629 0.00000000
 1.83691285 0.18419310
 1.78822147 0.35711054
 1.72149233 0.49793991
 1.63652085 0.62324158
 1.53699109 0.73113212
 1.43035049 0.81801730
 1.31827001 0.88661108
 1.20396106 0.93773792
 1.03834949 0.98391283
 0.88237884 1.00072311
 0.74378202 0.99506789
 0.61782497 0.97285313
 0.50514396 0.93831400
 0.36499699 0.87340214
 0.25170759 0.79929923
 0.16047136 0.72139239
 0.08718127 0.64270076
 0.00382415 0.52720446
-0.06310711 0.39921286
-0.10750375 0.27512373
-0.13319029 0.15872396
-0.14559581 0.00000000
