 5.64899827 0.00000000
 5.63883184 0.12591167
 5.58716973 0.32644365
 5.53147258 0.45727311
 5.45381490 0.58475196
 5.35592958 0.70183257
 5.23892655 0.80484151
 5.11783192 0.88248765
 4.99842605 0.93784931
 4.86704136 0.97851895
 4.73241379 1.00054635
 4.59750652 1.00425790
 4.45155378 0.98784038
 4.30874275 0.94979669
 4.17540790 0.89206055
 4.04374834 0.80996529
 3.95678041 0.73753462
 3.86722081 0.64234268
 3.78336230 0.52415210
 3.72741863 0.41286245
 3.69326147 0.31338892
 3.65633727 0.15236038
 3.63911396 0.09611220
 3.61319913 0.04375558
 3.60036464 0.01858992
 3.59685729 0.00000000
