 4.59341311 0.00000000
 4.57832545 0.15799870
 4.51541571 0.37407227
 4.45575394 0.49823544
 4.35202908 0.64687674
 4.24655186 0.75484724
 4.08754286 0.86898728
 3.93849596 0.93959113
 3.80362441 0.98002648
 3.67511038 1.00013193
 3.55565399 1.00373477
 3.40324951 0.98756999
 3.24390169 0.94413330
 3.11479395 0.88657675
 3.01080486 0.82265432
 2.90556824 0.73718413
 2.81043336 0.63503297
 2.72867780 0.51720976
 2.66979054 0.39971346
 2.62687897 0.27466561
 2.59687391 0.14280862
 2.58047077 0.00000000
