 1.91090066 0.00000000
 1.89095181 0.19475012
 1.83684513 0.37615334
 1.76304911 0.52250934
 1.66996679 0.65074978
 1.56207848 0.75900682
 1.44786367 0.84399127
 1.32930612 0.90888859
 1.20995222 0.95503753
 1.03977899 0.99270263
 0.88239377 1.00083392
 0.74484110 0.98748896
 0.62166510 0.95871887
 0.51291677 0.91895699
 0.37954970 0.84883622
 0.27322366 0.77204293
 0.15381569 0.65519059
 0.04507222 0.50247161
-0.01549141 0.37913164
-0.05540873 0.26070202
-0.07839868 0.15028209
-0.08948740 0.00000000
