 6.61176892 0.00000000
 6.60409832 0.10608876
 6.53779543 0.35528666
 6.48100562 0.47889668
 6.41088962 0.59059597
 6.32998446 0.68835304
 6.20465682 0.80138460
 6.09499000 0.87374114
 5.95236299 0.94105167
 5.77844090 0.98943788
 5.61743194 1.00561370
 5.47013955 0.99785589
 5.33845977 0.97190967
 5.18643119 0.91776664
 5.07276599 0.85781040
 4.97626277 0.78996396
 4.84113839 0.66223406
 4.74586731 0.53114645
 4.68865961 0.40756366
 4.65386122 0.27480163
 4.63399916 0.18502934
 4.61726739 0.14088905
 4.59810129 0.10748989
 4.56236803 0.06101608
 4.53452566 0.00000000
