 6.56601201 0.00000000
 6.55919959 0.10010392
 6.49779260 0.34000798
 6.44511050 0.46007490
 6.38029145 0.56905700
 6.30492511 0.66557968
 6.18709542 0.77914515
 6.08293727 0.85360138
 5.94592500 0.92517001
 5.77655411 0.98036938
 5.61733581 1.00362045
 5.46965004 1.00254243
 5.33589057 0.98243248
 5.17951506 0.93416311
 5.06103144 0.87778214
 4.95944274 0.81200912
 4.85387815 0.72308131
 4.76983855 0.63185302
 4.68425015 0.50251585
 4.63183154 0.37328780
 4.60987176 0.28360161
 4.59119168 0.19717807
 4.57000413 0.13914816
 4.55103759 0.10642070
 4.51504623 0.05816369
 4.49013898 0.00000000
