 6.83249364 0.00000000
 6.82613546 0.09423393
 6.79676105 0.24188353
 6.72371199 0.43593386
 6.64157868 0.57690888
 6.54094852 0.69885173
 6.43020468 0.79775837
 6.26702473 0.90001832
 6.13237107 0.95548918
 5.96743654 0.99497688
 5.78047329 1.00525976
 5.62000108 0.98635259
 5.48278018 0.94837356
 5.36708393 0.89886429
 5.24096270 0.82333161
 5.15178799 0.75257951
 5.06571135 0.66710571
 4.97212474 0.54088830
 4.90802558 0.40404978
 4.88055531 0.30159718
 4.85676992 0.18377810
 4.84432961 0.14722561
 4.82915747 0.11804246
 4.79832769 0.07905887
 4.76313230 0.03980678
 4.75162972 0.01836180
 4.74819251 0.00000000
