 6.66292405 0.00000000
 6.65419058 0.11314775
 6.58197685 0.37292913
 6.52015789 0.50056581
 6.44369837 0.61512453
 6.35631719 0.71390880
 6.22239518 0.82571018
 6.10662854 0.89516175
 5.95803231 0.95707133
 5.77969483 0.99730137
 5.61744366 1.00539125
 5.47130809 0.99023416
 5.34252482 0.95808871
 5.19584415 0.89794241
 5.08780407 0.83452853
 4.99684828 0.76488904
 4.90610249 0.67788788
 4.80570354 0.54589974
 4.74028985 0.40862740
 4.71806637 0.33257087
 4.69718868 0.23398397
 4.67455629 0.15286927
 4.65757019 0.11934044
 4.63111357 0.08274939
 4.59633265 0.03740247
 4.58409697 0.00000000
