 5.64361749 0.00000000
 5.63358270 0.12510204
 5.58238369 0.32475109
 5.52719295 0.45510553
 5.45024900 0.58220946
 5.35315090 0.69914690
 5.23697827 0.80225801
 5.11658632 0.88021977
 4.99771393 0.93602850
 4.86675093 0.97730472
 4.73236230 1.00002345
 4.59749978 1.00444964
 4.45137799 0.98879815
 4.30817268 0.95145171
 4.17427529 0.89425259
 4.04186743 0.81252813
 3.95429244 0.74021254
 3.86404470 0.64498511
 3.77941506 0.52652009
 3.72285093 0.41476704
 3.68827314 0.31476226
 3.65123602 0.15361684
 3.63442670 0.09766341
 3.60919462 0.04607812
 3.59572668 0.02033885
 3.59158024 0.00000000
