 5.78895787 0.00000000
 5.77483260 0.14856075
 5.70957849 0.37279922
 5.63879470 0.51626477
 5.54069682 0.65250519
 5.42095513 0.77140585
 5.28177486 0.86910691
 5.14308560 0.93601174
 5.01112626 0.97762101
 4.87093882 1.00082959
 4.73273192 1.00416837
 4.59932254 0.98939106
 4.46050066 0.95404150
 4.33000728 0.89987438
 4.21242568 0.83058236
 4.11045225 0.75038540
 4.01547512 0.65300621
 3.93140525 0.53843318
 3.86691501 0.41330189
 3.83402296 0.31206390
 3.80267886 0.17154358
 3.77258138 0.08918424
 3.73807308 0.02059255
 3.73428440 0.00513632
 3.73401272 0.00075734
 3.73400919 0.00000000
