 5.90478462 0.00000000
 5.88647829 0.16973873
 5.80731839 0.41471864
 5.72097789 0.56864845
 5.60327051 0.71007638
 5.46371833 0.82710316
 5.30616108 0.91614208
 5.15466992 0.97050288
 5.01495653 0.99793098
 4.87121921 1.00501999
 4.73400527 0.99267764
 4.60558480 0.96346002
 4.47611633 0.91468960
 4.35799086 0.85048438
 4.25443514 0.77509286
 4.16659661 0.69268523
 4.09108892 0.60352023
 4.03141532 0.51330023
 3.98539112 0.41853923
 3.95051234 0.30488066
 3.91984173 0.17547410
 3.89358355 0.10425289
 3.85911745 0.04018097
 3.84946573 0.01672483
 3.84727570 0.00115160
 3.84731124 0.00000000
