 5.77549497 0.00000000
 5.76179872 0.14624571
 5.69799276 0.36813988
 5.62882900 0.51037697
 5.53285408 0.64587502
 5.41532397 0.76477734
 5.27830334 0.86322454
 5.14122732 0.93137528
 5.01034444 0.97447930
 4.87080304 0.99948787
 4.73271403 1.00465929
 4.59893972 0.99163123
 4.45921528 0.95799549
 4.32739079 0.90519515
 4.20821010 0.83681602
 4.10454645 0.75705368
 4.00775602 0.65965115
 3.92180669 0.54449622
 3.85545199 0.41800539
 3.82142905 0.31525600
 3.78997975 0.17482485
 3.76467853 0.09914731
 3.74124403 0.05313569
 3.72179707 0.00968564
 3.72083194 0.00093581
 3.72082622 0.00000000
