 2.58016692 0.00000000
 2.56430189 0.17034669
 2.52645846 0.31770025
 2.47582325 0.44168901
 2.39717096 0.57503887
 2.25995350 0.73277829
 2.11588191 0.84466967
 1.97062382 0.92145252
 1.82696038 0.97036776
 1.68947888 0.99572759
 1.51188272 0.99987673
 1.36060646 0.97819762
 1.23405336 0.94113443
 1.08673278 0.87302319
 0.97615236 0.80053177
 0.89481610 0.73199655
 0.80590022 0.63692561
 0.73678920 0.54178599
 0.66617095 0.41114347
 0.60650371 0.23616753
 0.58442303 0.10759117
 0.57881920 0.00000000
