 6.99410315 0.00000000
 6.98458241 0.11585901
 6.94571077 0.28552282
 6.85006888 0.50265992
 6.74293466 0.65485898
 6.61522251 0.77919126
 6.48047568 0.87225150
 6.29069419 0.95668234
 6.14197667 0.99293356
 5.96857401 1.00617295
 5.78298563 0.98664608
 5.63223085 0.94419151
 5.50923794 0.88896745
 5.40930315 0.82816043
 5.30414857 0.74467903
 5.21016903 0.64754655
 5.11877255 0.51466091
 5.05939787 0.37187815
 5.03644339 0.27279248
 5.02127632 0.18773046
 5.00387751 0.13694846
 4.97858473 0.09741901
 4.95539045 0.07366905
 4.92625176 0.04563825
 4.90716227 0.01620485
 4.90416161 0.00218125
 4.90410891 0.00000000
