 4.75473039 0.00000000
 4.74480282 0.12625232
 4.71214779 0.27229321
 4.65054684 0.43325816
 4.57163979 0.57042740
 4.43787479 0.72704381
 4.35263853 0.79987476
 4.24676117 0.87025459
 4.11873782 0.93226424
 3.95157733 0.98295610
 3.80719195 1.00250039
 3.67547378 1.00183242
 3.55785966 0.98651716
 3.41418569 0.94770485
 3.27106616 0.88422965
 3.16005371 0.81449301
 3.07394427 0.74432391
 2.98946031 0.65700645
 2.91525757 0.55851594
 2.85346846 0.45021648
 2.81014637 0.34606294
 2.77790566 0.23544726
 2.75312735 0.11460999
 2.74090180 0.00000000
