 7.15856773 0.00000000
 7.14463017 0.14171228
 7.11439860 0.27183252
 7.05785464 0.41990754
 6.96733292 0.57683470
 6.87859003 0.68697069
 6.77823481 0.78046607
 6.67082222 0.85665440
 6.56620912 0.91310332
 6.44226013 0.96086956
 6.30007312 0.99399568
 6.14345663 1.00633040
 5.97031768 0.99116594
 5.79539717 0.94382164
 5.66077745 0.88233053
 5.55543327 0.81539563
 5.47233527 0.74845658
 5.39222852 0.66827305
 5.32487322 0.58284302
 5.26767053 0.48585586
 5.22468436 0.37784212
 5.19674638 0.24775594
 5.18555892 0.18008120
 5.17602402 0.14931254
 5.16375773 0.12331815
 5.14980115 0.10251798
 5.12899233 0.08046865
 5.10715697 0.06257473
 5.06218309 0.00000000
