 5.06396360 0.00000000
 5.04434092 0.17889576
 5.01085952 0.30545919
 4.95850073 0.43552237
 4.88400981 0.56516869
 4.79982543 0.67277954
 4.68838722 0.77872389
 4.54978639 0.87379503
 4.43017421 0.93158178
 4.29156044 0.97602395
 4.13754509 1.00118119
 3.95494279 0.99970099
 3.81212683 0.97480911
 3.69237314 0.93680245
 3.59313053 0.89178164
 3.48054025 0.82326868
 3.37682384 0.73949212
 3.27348542 0.62773780
 3.20252843 0.52520707
 3.14623766 0.41629765
 3.10493096 0.30279496
 3.07161492 0.16720540
 3.04819306 0.00000000
