 6.57408590 0.00000000
 6.56712808 0.10113772
 6.50488255 0.34267014
 6.45150137 0.46335722
 6.38577355 0.57282776
 6.30944776 0.66958828
 6.19030987 0.78309639
 6.08517836 0.85721564
 5.94715944 0.92807250
 5.77694735 0.98210540
 5.61736743 1.00412187
 5.46970688 1.00186424
 5.33627733 0.98070723
 5.18063640 0.93136804
 5.06298584 0.87432358
 4.96229659 0.80815150
 4.85776661 0.71904241
 4.77899268 0.63327708
 4.69346253 0.50456188
 4.63920068 0.37109119
 4.61762482 0.28203149
 4.59878185 0.19510099
 4.57659175 0.13589963
 4.55660222 0.10261855
 4.52031754 0.05437159
 4.49797354 0.00000000
