 4.62029081 0.00000000
 4.60428914 0.16278313
 4.53842551 0.38347669
 4.47590313 0.50983744
 4.36753639 0.66012895
 4.25800983 0.76811378
 4.09402619 0.88047106
 3.94164441 0.94821787
 3.80477731 0.98545609
 3.67527328 1.00220194
 3.55570161 1.00261919
 3.40425641 0.98247203
 3.24723549 0.93528592
 3.12097049 0.87528407
 3.01993560 0.80994897
 2.91827807 0.72380091
 2.82685412 0.62197350
 2.74871024 0.50555953
 2.69271502 0.39027257
 2.65185505 0.26780724
 2.62285598 0.13794854
 2.60720588 0.00000000
