 6.54448356 0.00000000
 6.53804664 0.09739357
 6.47882522 0.33297846
 6.39739630 0.50805299
 6.29265776 0.65491764
 6.17828374 0.76856191
 6.07672009 0.84384788
 5.94242080 0.91723151
 5.77536740 0.97546266
 5.61720705 1.00197194
 5.46954635 1.00403631
 5.33498756 0.98674943
 5.17672468 0.94140094
 5.05606239 0.88685481
 4.95206744 0.82221915
 4.83119661 0.72166420
 4.72628245 0.60351973
 4.62742182 0.42392587
 4.58922520 0.28784413
 4.57089645 0.20260640
 4.55200627 0.14745598
 4.53841592 0.12091360
 4.50128473 0.06842310
 4.48006565 0.03685528
 4.47087539 0.01334157
 4.46923968 0.00000000
