 4.87835669 0.00000000
 4.86521926 0.14547742
 4.82470923 0.30758066
 4.74861894 0.48316105
 4.68657450 0.58269693
 4.60168443 0.68655284
 4.49127341 0.78811020
 4.39221836 0.85735464
 4.27204259 0.91992130
 4.13138059 0.96944894
 3.95440523 1.00087014
 3.80734857 1.00253986
 3.67771164 0.98592287
 3.56542715 0.95719767
 3.43257524 0.90394374
 3.30457136 0.82946812
 3.17094095 0.71948727
 3.06531364 0.59704621
 3.00487960 0.50357233
 2.93756044 0.35731743
 2.89490960 0.20734237
 2.86385034 0.00000000
