 1.42717387 0.00000000
 1.41971981 0.12002952
 1.39816023 0.23778222
 1.34891901 0.38718907
 1.27810686 0.52500683
 1.18883534 0.64790199
 1.08627009 0.75215491
 0.97316870 0.83801940
 0.85302766 0.90510933
 0.66983632 0.97057005
 0.48994488 0.99856601
 0.31998845 0.99485008
 0.16398691 0.96540263
 0.02397251 0.91580713
-0.09941017 0.85084768
-0.20639836 0.77443532
-0.29771713 0.68964612
-0.37431438 0.59883638
-0.43718329 0.50377368
-0.48725113 0.40576701
-0.52533164 0.30576171
-0.56129216 0.15378601
-0.57293805 0.00000000
