 3.52147660 0.00000000
 3.50850767 0.15002184
 3.45475086 0.34955736
 3.40958545 0.45337722
 3.32464483 0.59230808
 3.22500045 0.70879244
 3.07659204 0.83127425
 2.90896521 0.92267828
 2.73066721 0.97984146
 2.58371160 1.00082410
 2.45075631 1.00091318
 2.33309925 0.98617985
 2.19185673 0.94902632
 2.03610462 0.88010810
 1.92219246 0.80709921
 1.83794243 0.73707100
 1.75337893 0.64812394
 1.67572417 0.54235387
 1.59855006 0.39591396
 1.55369872 0.26551945
 1.52722522 0.13366106
 1.51536629 0.00000000
