 2.30432846 0.00000000
 2.28440964 0.19271845
 2.24210769 0.34341119
 2.19408748 0.45442613
 2.10585583 0.59684020
 2.00690484 0.71112728
 1.90046128 0.80298491
 1.78749225 0.87603218
 1.67145315 0.93099023
 1.50872609 0.98015634
 1.35710796 1.00016059
 1.21980233 0.99829150
 1.04630341 0.96833198
 0.90534180 0.91935746
 0.79496105 0.86315984
 0.66728313 0.77366917
 0.56271436 0.67385647
 0.48196101 0.57231026
 0.42183096 0.47409568
 0.35107855 0.30732990
 0.31300938 0.14053814
 0.30339333 0.00000000
