 1.47791652 0.00000000
 1.46963812 0.12632047
 1.44586660 0.24975228
 1.39170239 0.40559787
 1.31427601 0.54793363
 1.21750172 0.67303139
 1.10742362 0.77714859
 0.98738441 0.86078424
 0.86141030 0.92393111
 0.67231096 0.98146892
 0.49003357 1.00055095
 0.32086203 0.98829365
 0.16811761 0.95155218
 0.03304604 0.89638520
-0.08442688 0.82772356
-0.18513477 0.74942351
-0.27025594 0.66438842
-0.34106999 0.57474827
-0.39879380 0.48203295
-0.46305655 0.33973732
-0.51170652 0.14632939
-0.52220342 0.00000000
