 5.45747464 0.00000000
 5.41425205 0.27031294
 5.34894670 0.44029211
 5.24577782 0.60780211
 5.15637552 0.71066676
 5.06029149 0.79535126
 4.96115209 0.86280978
 4.84735617 0.92138470
 4.72514384 0.96552013
 4.59634462 0.99365559
 4.44945688 1.00486122
 4.29731081 0.99392998
 4.14713409 0.95915640
 3.99060013 0.89502348
 3.88190045 0.83027689
 3.76596782 0.73725333
 3.63674268 0.59029689
 3.57027427 0.48395400
 3.51007962 0.34042834
 3.46454631 0.15906579
 3.45504483 0.11526306
 3.43984072 0.07468078
 3.42143897 0.03904760
 3.40941775 0.00000000
