 4.27859583 0.00000000
 4.24904763 0.22590342
 4.20065799 0.37630423
 4.14014969 0.50074843
 4.07526017 0.59978327
 3.97111191 0.71906212
 3.86495137 0.80896645
 3.70501468 0.90501551
 3.54815566 0.96481847
 3.40050115 0.99547876
 3.22975385 1.00307651
 3.07733157 0.98482273
 2.94391889 0.94866229
 2.78031302 0.87485561
 2.67492261 0.80608314
 2.56542242 0.71119024
 2.48179143 0.61564133
 2.40933080 0.50714981
 2.35076957 0.38685594
 2.30842627 0.25817674
 2.28431044 0.15233224
 2.26772735 0.00000000
