 2.26150125 0.00000000
 2.24324128 0.18457609
 2.20412633 0.32993212
 2.15973079 0.43744016
 2.07774584 0.57654524
 1.98499104 0.68976065
 1.88440897 0.78228948
 1.77670653 0.85747081
 1.66499159 0.91568763
 1.50649662 0.97066826
 1.35684574 0.99686629
 1.21964307 1.00084522
 1.04393387 0.97809890
 0.89921991 0.93432178
 0.78465396 0.88143834
 0.65072162 0.79448685
 0.53991230 0.69517899
 0.45364827 0.59252910
 0.38899769 0.49214605
 0.31248550 0.32001802
 0.27108640 0.14650071
 0.26062014 0.00000000
