 3.91855903 0.00000000
 3.90449640 0.15439297
 3.86155721 0.32189190
 3.78129811 0.49969354
 3.69142725 0.63143993
 3.58931777 0.73993667
 3.47929441 0.82742543
 3.36552434 0.89497263
 3.21934631 0.95519293
 3.07341677 0.99050828
 2.93150930 1.00333044
 2.73594568 0.98782012
 2.59504944 0.95176586
 2.48072250 0.90547429
 2.38865910 0.85512998
 2.28782446 0.78390148
 2.18734464 0.69097758
 2.09580201 0.57841807
 2.03422145 0.47809012
 1.98193471 0.36146289
 1.94059993 0.22675306
 1.90959693 0.00000000
