 2.75160967 0.00000000
 2.72909653 0.20291127
 2.67747623 0.37283280
 2.60851861 0.51299305
 2.50363715 0.65787615
 2.39074825 0.76861442
 2.27270663 0.85378763
 2.15476695 0.91597552
 1.98837192 0.97300009
 1.83222907 0.99871967
 1.69003082 1.00051456
 1.51606060 0.97481303
 1.37587525 0.93009303
 1.26389305 0.87668225
 1.13912034 0.79449459
 1.01620951 0.68214807
 0.92769746 0.57164782
 0.86074984 0.45992947
 0.81272763 0.35116701
 0.78141240 0.25120927
 0.75880837 0.13400771
 0.75000470 0.00000000
