 3.30396545 0.00000000
 3.27229855 0.23889673
 3.22894653 0.37259286
 3.17088151 0.49407075
 3.10056067 0.60189626
 2.99056503 0.72569628
 2.85855894 0.83187272
 2.70841208 0.91533552
 2.57630061 0.96377927
 2.44950516 0.99154086
 2.33104902 1.00231680
 2.18038234 0.99574982
 2.00236772 0.95769388
 1.86354668 0.90268978
 1.75557776 0.84171251
 1.64251867 0.75603979
 1.53438767 0.64531201
 1.44961324 0.52734061
 1.39822303 0.43255228
 1.35450779 0.32472936
 1.31581515 0.16856072
 1.29876287 0.00000000
