 5.21476451 0.00000000
 5.18798366 0.21040642
 5.14474066 0.35267914
 5.07666271 0.49724765
 4.98098095 0.63703038
 4.87515125 0.74784116
 4.74001425 0.84992533
 4.57851895 0.93259679
 4.44466934 0.97553019
 4.29596335 1.00052660
 4.13784361 1.00260420
 3.95966119 0.97426390
 3.82681266 0.93058660
 3.67587466 0.85332211
 3.53875314 0.75022803
 3.45416677 0.66453383
 3.37239798 0.55658914
 3.31778292 0.46179064
 3.27566803 0.36445076
 3.24461328 0.26396867
 3.21612354 0.13688634
 3.19785375 0.00000000
