 2.27488394 0.00000000
 2.25612003 0.18708612
 2.21603556 0.33409459
 2.17053642 0.44269478
 2.08663828 0.58285101
 1.99197476 0.69643379
 1.88957540 0.78879461
 1.78022443 0.86335435
 1.66714046 0.92059478
 1.50727904 0.97380390
 1.35695886 0.99808870
 1.21967047 1.00024203
 1.04458768 0.97521752
 0.90100605 0.92977617
 0.78772831 0.87581608
 0.65574641 0.78801693
 0.54690335 0.68850744
 0.46238706 0.58617401
 0.39917722 0.48645467
 0.32450855 0.31600320
 0.28417907 0.14461056
 0.27398645 0.00000000
