 6.56062966 0.00000000
 6.55391277 0.09941999
 6.49305894 0.33824123
 6.44083690 0.45789605
 6.37661753 0.56655067
 6.30188647 0.66291024
 6.18492514 0.77650546
 6.08141589 0.85117849
 5.94507808 0.92321219
 5.77627658 0.97918033
 5.61731006 1.00325072
 5.46961797 1.00295886
 5.33564762 0.98355064
 5.17879052 0.93600215
 5.05975578 0.88007128
 4.95756833 0.81457210
 4.85130828 0.72577249
 4.75707369 0.62241439
 4.67992885 0.50466994
 4.62692497 0.37476054
 4.60470651 0.28465526
 4.58612413 0.19854785
 4.56556466 0.14127617
 4.54725940 0.10892985
 4.51157377 0.06071127
 4.48491536 0.00000000
