 6.92136059 0.00000000
 6.91339252 0.10566837
 6.87909037 0.26524572
 6.79441060 0.47182299
 6.69923698 0.61928303
 6.58414449 0.74323968
 6.46030553 0.83974947
 6.28211969 0.93329801
 6.13909070 0.97884657
 5.96849348 1.00431295
 5.78110558 0.99811194
 5.62508947 0.96579839
 5.49515567 0.91767246
 5.38786868 0.86129137
 5.27336506 0.78060252
 5.15790293 0.67080551
 5.08087562 0.57237368
 5.00535588 0.42745844
 4.96605515 0.28524485
 4.95148929 0.20360287
 4.94023838 0.16225536
 4.92698213 0.13096305
 4.91417389 0.10989432
 4.89043310 0.08188691
 4.85633783 0.04720376
 4.83535573 0.01097657
 4.83400770 0.00000000
