 4.04207242 0.00000000
 4.02382352 0.17634435
 3.97042028 0.36163254
 3.90862023 0.49267089
 3.83709162 0.60269721
 3.76123346 0.69247106
 3.64001616 0.80051145
 3.51316067 0.88231282
 3.38564765 0.94034301
 3.22727113 0.98510151
 3.07484123 1.00291751
 2.93187755 0.99820819
 2.74283820 0.95981057
 2.61209868 0.90940806
 2.46797118 0.82660894
 2.34183668 0.72287150
 2.25755410 0.63005339
 2.18239673 0.52214425
 2.13317651 0.42915922
 2.09161539 0.32282686
 2.05758800 0.19911199
 2.03251274 0.00000000
