 6.26362787 0.00000000
 6.22501978 0.25092942
 6.17369672 0.39623068
 6.10837098 0.52281871
 6.03365070 0.62960085
 5.92620274 0.74394106
 5.73582629 0.88034594
 5.60186897 0.94215548
 5.46599663 0.98204086
 5.33229593 1.00231560
 5.16123649 1.00166275
 5.01972743 0.97865406
 4.88805959 0.93800289
 4.77404648 0.88532261
 4.67647020 0.82479570
 4.58555028 0.75277766
 4.49703491 0.66458291
 4.39726698 0.52851383
 4.34284846 0.41217193
 4.31783758 0.32851547
 4.28994487 0.20968061
 4.26500358 0.13652071
 4.24255045 0.09531461
 4.20245103 0.02708655
 4.19711310 0.00533043
 4.19689728 0.00000000
