 1.24292842 0.00000000
 1.22279266 0.19865594
 1.18806379 0.32613010
 1.13729601 0.44707024
 1.07163290 0.55954676
 0.95013289 0.70702153
 0.80699905 0.82584162
 0.64962271 0.91375964
 0.48503263 0.97050722
 0.31943555 0.99737405
 0.15795731 0.99672545
 0.00458453 0.97155129
-0.13775953 0.92509627
-0.26706182 0.86059156
-0.38203641 0.78108265
-0.48194300 0.68933639
-0.56642567 0.58780701
-0.63537768 0.47864265
-0.68883400 0.36371926
-0.72691590 0.24465183
-0.74966638 0.12308931
-0.75713501 0.00000000
