 4.56385247 0.00000000
 4.54971763 0.15287405
 4.48990398 0.36393554
 4.43323882 0.48568429
 4.33444775 0.63239222
 4.23333117 0.74017695
 4.07978984 0.85600085
 3.93452198 0.92952540
 3.80200674 0.97332212
 3.67478004 0.99704182
 3.55564659 1.00413532
 3.40243200 0.99241084
 3.24073390 0.95326446
 3.10860894 0.89858609
 3.00140788 0.83639563
 2.87985675 0.74063884
 2.80656450 0.66546507
 2.70702815 0.53023596
 2.64481610 0.41033400
 2.59950868 0.28237168
 2.56832546 0.14823499
 2.55106368 0.00000000
