 4.86760319 0.00000000
 4.85477627 0.14371283
 4.81501447 0.30437990
 4.74031344 0.47866524
 4.67939045 0.57764531
 4.59591742 0.68119766
 4.48707946 0.78287362
 4.38924211 0.85255058
 4.27027121 0.91593618
 4.13061011 0.96668045
 3.95431457 0.99989112
 3.80731502 1.00313960
 3.67734423 0.98787637
 3.56447365 0.96025247
 3.43057029 0.90812683
 3.30119389 0.83445228
 3.16572247 0.72484868
 3.05835366 0.60216683
 2.99680415 0.50820134
 2.92806060 0.36073238
 2.88472834 0.20978871
 2.85316574 0.00000000
