 6.40150813 0.00000000
 6.35104516 0.28897261
 6.28674088 0.44858755
 6.20413323 0.58578626
 6.11131614 0.69751659
 6.02661571 0.77593362
 5.91094084 0.85834959
 5.76143991 0.93353590
 5.61347267 0.97995989
 5.46928448 1.00229968
 5.33254377 1.00434666
 5.16476958 0.98057278
 5.03155188 0.94043962
 4.91215690 0.88600608
 4.81226819 0.82401966
 4.72885412 0.75830073
 4.61742568 0.64542793
 4.50469654 0.47203023
 4.45482055 0.32600347
 4.42678083 0.20290859
 4.41795005 0.17417985
 4.40081349 0.13389391
 4.37056835 0.08476911
 4.33060794 0.00000000
