 1.89485247 0.00000000
 1.87553477 0.19167642
 1.82303171 0.37062702
 1.75131901 0.51541099
 1.66061053 0.64285188
 1.55514736 0.75106896
 1.44310563 0.83667151
 1.32638049 0.90269971
 1.20842577 0.95033460
 1.03946748 0.99049254
 0.88238822 1.00112348
 0.74445001 0.98995997
 0.62040976 0.96302333
 0.51048847 0.92470164
 0.37514880 0.85598643
 0.26682908 0.77988794
 0.14473971 0.66313031
 0.03314091 0.50945976
-0.02918554 0.38478196
-0.07033784 0.26474853
-0.09406895 0.15264688
-0.10551879 0.00000000
