 1.75848146 0.00000000
 1.74380125 0.16735623
 1.70319915 0.32638790
 1.64719214 0.45767911
 1.57484340 0.57717311
 1.48873224 0.68310693
 1.34333556 0.81142404
 1.18909677 0.90307397
 1.03311982 0.96226914
 0.88172128 0.99326383
 0.74335040 1.00091616
 0.61432480 0.99066399
 0.49617208 0.96615892
 0.34545004 0.91201136
 0.22045962 0.84426384
 0.11768393 0.76911662
 0.03369385 0.69041704
-0.06336124 0.57127642
-0.15292696 0.41333454
-0.20785383 0.25995199
-0.23586356 0.11133809
-0.24177040 0.00000000
