 5.88592329 0.00000000
 5.86836152 0.16613263
 5.79165461 0.40766581
 5.70805140 0.55991786
 5.59369796 0.70066504
 5.45745443 0.81824010
 5.30283968 0.90896900
 5.15328133 0.96558992
 5.01462847 0.99547387
 4.87121616 1.00524057
 4.73359779 0.99542199
 4.60414737 0.96846253
 4.47298161 0.92170045
 4.35275087 0.85891701
 4.24689621 0.78430969
 4.15682860 0.70208815
 4.07918280 0.61259546
 4.01736611 0.52144711
 3.96934557 0.42450002
 3.93564047 0.32349935
 3.90217177 0.18028932
 3.87363925 0.10026211
 3.84449911 0.04785829
 3.83265261 0.02202676
 3.82886822 0.00049648
 3.82887967 0.00000000
