 1.87880527 0.00000000
 1.86009932 0.18864895
 1.80915418 0.36516927
 1.73947300 0.50837495
 1.65109319 0.63498328
 1.54802611 0.74310767
 1.43815118 0.82926767
 1.32327419 0.89636680
 1.20675358 0.94543707
 1.03908213 0.98803986
 0.88238782 1.00115604
 0.74413353 0.99218788
 0.61928398 0.96711730
 0.50822828 0.93027796
 0.37094279 0.86303471
 0.26063256 0.78768960
 0.17222750 0.70938074
 0.10149219 0.63090688
 0.02132552 0.51651139
-0.04280895 0.39050191
-0.08523162 0.26885393
-0.10972698 0.15504913
-0.12154985 0.00000000
