 5.96946856 0.00000000
 5.94840037 0.18258335
 5.89651655 0.35647395
 5.83137961 0.49469318
 5.76385445 0.59911762
 5.63419513 0.74230790
 5.48312913 0.85666180
 5.31575608 0.93906847
 5.15818318 0.98507577
 5.01550823 1.00373860
 4.87142070 1.00160796
 4.73628940 0.98078665
 4.61198886 0.94418847
 4.48875101 0.88911065
 4.37803244 0.82065384
 4.28226408 0.74315810
 4.14229050 0.58592934
 4.07037701 0.46449029
 4.03265411 0.36631107
 3.99560576 0.21665533
 3.96543834 0.12249091
 3.94550602 0.08292790
 3.91770450 0.03249531
 3.91041619 0.00514186
 3.91039921 0.00266108
 3.91048581 0.00000000
