 4.21674530 0.00000000
 4.19064058 0.21193726
 4.14715716 0.35534646
 4.09292431 0.47461912
 4.03440955 0.57062520
 3.93963722 0.68824673
 3.84184405 0.77912449
 3.69202905 0.87990101
 3.54238045 0.94689284
 3.39889357 0.98572548
 3.22972857 1.00367785
 3.07566344 0.99477060
 2.93840907 0.96622621
 2.76685398 0.90030300
 2.65440689 0.83511154
 2.53590415 0.74196066
 2.43665729 0.63637007
 2.37235138 0.54766426
 2.29825381 0.40873178
 2.25102428 0.27398349
 2.22475277 0.16387305
 2.20624128 0.00000000
