 6.62792154 0.00000000
 6.61992756 0.10827524
 6.55181013 0.36079257
 6.49348352 0.48566795
 6.42141253 0.59829304
 6.33849421 0.69641682
 6.21047451 0.80913474
 6.09887194 0.88063844
 5.95432107 0.94631612
 5.77892410 0.99218486
 5.61743516 1.00582358
 5.47042668 0.99571732
 5.33959908 0.96777305
 5.18920616 0.91166919
 5.07729585 0.85055816
 4.98255793 0.78208866
 4.86840131 0.67477195
 4.76658271 0.53905972
 4.69912844 0.39002779
 4.66941133 0.27172952
 4.64896912 0.18049815
 4.63045825 0.13439984
 4.60905981 0.09981772
 4.57257432 0.05332141
 4.55018452 0.00000000
