 7.06957339 0.00000000
 7.05819155 0.12723444
 7.03212937 0.24838183
 6.98373755 0.38670183
 6.90545171 0.53597504
 6.82831842 0.64296616
 6.73995039 0.73647782
 6.64326130 0.81560803
 6.54754238 0.87699868
 6.43209951 0.93269515
 6.29648441 0.97667327
 6.14321679 1.00235464
 5.96878228 1.00254805
 5.78701780 0.96973117
 5.64303706 0.91780243
 5.52790917 0.85644902
 5.43577483 0.79218680
 5.34002976 0.70700917
 5.23837013 0.58606684
 5.16325946 0.45095662
 5.12977591 0.35506792
 5.10981014 0.26073974
 5.09251571 0.16878757
 5.06001735 0.10336683
 5.01542370 0.05964855
 4.98158146 0.02031425
 4.97671936 0.00000000
