 4.55041746 0.00000000
 4.53669825 0.15059178
 4.47824106 0.35939927
 4.42288739 0.48005341
 4.32627917 0.62584523
 4.22711069 0.73348966
 4.07604825 0.84998520
 3.93253204 0.92475998
 3.80113986 0.97002851
 3.67456467 0.99535883
 3.55564555 1.00403066
 3.40214886 0.99434032
 3.23945891 0.95719785
 3.10600478 0.90389171
 2.99735906 0.84255095
 2.87377318 0.74731115
 2.79905739 0.67211761
 2.69732496 0.53622773
 2.63355161 0.41524347
 2.58710528 0.28593212
 2.55536051 0.15073021
 2.53769736 0.00000000
