 6.78673137 0.00000000
 6.78109272 0.08876568
 6.75400789 0.23042937
 6.68627125 0.41822628
 6.61019467 0.55567050
 6.51655040 0.67601567
 6.41236144 0.77544918
 6.25709093 0.88116950
 6.12723577 0.94107123
 5.96607422 0.98723752
 5.78045660 1.00590853
 5.61861273 0.99419673
 5.47827545 0.96200123
 5.35860402 0.91664637
 5.22661215 0.84455674
 5.13246903 0.77518783
 5.03429433 0.68272528
 4.95393486 0.58338495
 4.89333647 0.47964139
 4.84972611 0.36233266
 4.82633793 0.25900763
 4.81345988 0.19507650
 4.79786464 0.14731264
 4.78309804 0.11879506
 4.75772253 0.08506092
 4.72336430 0.04631431
 4.70395897 0.00000000
