 1.84403966 0.00000000
 1.82659535 0.18224515
 1.77887451 0.35357789
 1.71342136 0.49334867
 1.62993212 0.61804870
 1.53195190 0.72580020
 1.42674129 0.81296590
 1.31591128 0.88218123
 1.20260683 0.93418447
 1.03795881 0.98190865
 0.88236534 1.00034545
 0.74366733 0.99616813
 0.61726017 0.97524287
 0.50388759 0.94175465
 0.36249316 0.87792613
 0.24788359 0.80441912
 0.15538026 0.72672640
 0.08093808 0.64796389
-0.00386691 0.53200054
-0.07207425 0.40313494
-0.11737525 0.27795378
-0.14360898 0.16038515
-0.15628267 0.00000000
