 3.71465611 0.00000000
 3.69510496 0.18443815
 3.61963982 0.41746566
 3.55619111 0.53553215
 3.43931117 0.68675367
 3.30819127 0.80396260
 3.18697006 0.88156796
 3.05917727 0.93991683
 2.92785076 0.97904644
 2.73410523 1.00301233
 2.58445258 0.99548996
 2.45617549 0.97081731
 2.34792523 0.93584574
 2.22412164 0.87773988
 2.09471417 0.79190763
 1.97143651 0.67735868
 1.87727560 0.55598601
 1.82098774 0.45940857
 1.76668695 0.33155880
 1.73602776 0.22165713
 1.71655819 0.10683799
 1.70796935 0.00000000
