 1.96975265 0.00000000
 1.94731360 0.20642558
 1.88691624 0.39700684
 1.80502504 0.54905082
 1.70285389 0.67990934
 1.58584465 0.78783158
 1.46364130 0.87001280
 1.33853934 0.93024911
 1.21439065 0.97053231
 1.04041305 0.99868821
 0.88259120 0.99758205
 0.74703211 0.97640172
 0.62746827 0.94121706
 0.52331753 0.89655197
 0.39737384 0.82184422
 0.29833095 0.74299263
 0.18850330 0.62630597
 0.08976473 0.47740191
 0.03529598 0.35900682
-0.00038248 0.24635902
-0.02084224 0.14192294
-0.03070258 0.00000000
