 1.69432963 0.00000000
 1.68143903 0.15696459
 1.64548800 0.30721735
 1.59573137 0.43219859
 1.53092312 0.54742558
 1.45305710 0.65128572
 1.31970088 0.78052586
 1.17563322 0.87699425
 1.02710345 0.94361594
 0.88012263 0.98334203
 0.74330509 0.99969499
 0.61351780 0.99770994
 0.49275554 0.98050722
 0.33597154 0.93473052
 0.20356162 0.87247576
 0.09303313 0.80027326
 0.00155696 0.72243953
-0.10542958 0.60169471
-0.20541865 0.43799447
-0.26732689 0.27651494
-0.29914147 0.11848450
-0.30587865 0.00000000
