 5.10972608 0.00000000
 5.08813221 0.18802944
 5.05194728 0.31923287
 4.99524561 0.45364039
 4.91479316 0.58655758
 4.82436596 0.69553827
 4.70587606 0.80090998
 4.56021363 0.89294216
 4.43592903 0.94672299
 4.29369916 0.98564397
 4.13772953 1.00399926
 3.95562105 0.99420520
 3.81527559 0.96324936
 3.69900032 0.92073034
 3.60361183 0.87259673
 3.49637525 0.80155329
 3.39860269 0.71671208
 3.30214200 0.60570230
 3.23647811 0.50531692
 3.18484296 0.39985988
 3.14702923 0.29054194
 3.11540249 0.15782313
 3.09362097 0.00000000
