 3.88098352 0.00000000
 3.86801119 0.14820261
 3.82783941 0.31052248
 3.75268596 0.48373198
 3.66827052 0.61320768
 3.57166185 0.72121036
 3.46669231 0.80971297
 3.35729943 0.87945949
 3.21538013 0.94367211
 3.07218962 0.98385504
 2.93144865 1.00188277
 2.73501507 0.99364414
 2.59168707 0.96247703
 2.47423686 0.91965327
 2.37888526 0.87158444
 2.27368653 0.80206782
 2.16800097 0.70970791
 2.07105220 0.59618230
 2.00529014 0.49382398
 1.94920847 0.37397639
 1.90525862 0.23565714
 1.87219280 0.00000000
