 5.68666801 0.00000000
 5.67553985 0.13170412
 5.62052043 0.33847463
 5.56113181 0.47265914
 5.47832819 0.60269639
 5.37481784 0.72064004
 5.25194012 0.82273329
 5.12596439 0.89796932
 5.00291452 0.95002859
 4.86873507 0.98630376
 4.73263924 1.00341700
 4.59763157 1.00211802
 4.45308796 0.98039855
 4.31321964 0.93762142
 4.18392621 0.87631786
 4.05754593 0.79184311
 3.97477808 0.71875607
 3.88997729 0.62395493
 3.81129523 0.50773083
 3.76172517 0.40575431
 3.72435391 0.28484659
 3.69174760 0.14298531
 3.67047616 0.08370238
 3.64186480 0.02801720
 3.63462693 0.00902192
 3.63379270 0.00000000
