 7.16126539 0.00000000
 7.14724369 0.14216970
 7.11687597 0.27256829
 7.06006441 0.42094539
 6.96914608 0.57809788
 6.88003066 0.68831357
 6.77930303 0.78178396
 6.67156496 0.85785717
 6.56668685 0.91413095
 6.44249680 0.96163136
 6.30013839 0.99440876
 6.14345663 1.00632813
 5.97039888 0.99070473
 5.79572179 0.94294394
 5.66140462 0.88119212
 5.55636055 0.81411570
 5.47353308 0.74711709
 5.39373083 0.66693546
 5.32669142 0.58158767
 5.26982064 0.48479241
 5.22713209 0.37709667
 5.19938727 0.24737899
 5.18813259 0.17945976
 5.17840224 0.14839129
 5.16582675 0.12214139
 5.15148781 0.10118794
 5.13020662 0.07911552
 5.10819660 0.06126524
 5.06477249 0.00000000
