 2.09285241 0.00000000
 2.06420682 0.23297028
 2.01879715 0.37539406
 1.95796606 0.50039256
 1.88705410 0.60689290
 1.76399738 0.74126198
 1.62702816 0.84571882
 1.48843414 0.91916022
 1.35099096 0.96709238
 1.21890058 0.99323220
 1.04058543 1.00016033
 0.88533413 0.97995250
 0.75665614 0.94366072
 0.64655891 0.89689283
 0.55316789 0.84400383
 0.44324585 0.76252791
 0.35898469 0.68165151
 0.26771689 0.56755872
 0.18756570 0.42791087
 0.14410643 0.31988978
 0.10685314 0.17254234
 0.09222667 0.00000000
