 4.65523819 0.00000000
 4.63797646 0.16918557
 4.56806340 0.39597510
 4.50162152 0.52518670
 4.38699870 0.67745234
 4.27209595 0.78522111
 4.10166466 0.89489246
 3.94511253 0.95864155
 3.80587815 0.99153526
 3.67535332 1.00382895
 3.55588626 1.00010535
 3.40599724 0.97488153
 3.25225133 0.92305244
 3.12980507 0.86011900
 3.03264355 0.79317476
 2.93558048 0.70637972
 2.84885167 0.60515876
 2.77523201 0.49069643
 2.72281403 0.37830190
 2.68444919 0.25909281
 2.65667122 0.13173020
 2.64196354 0.00000000
