 1.65958652 0.00000000
 1.64757505 0.15159949
 1.61392289 0.29725691
 1.53807452 0.47719505
 1.43262647 0.63420965
 1.30559709 0.76348392
 1.16708180 0.86204410
 1.02284911 0.93223992
 0.87866571 0.97639230
 0.74313901 0.99732650
 0.61338228 0.99984585
 0.49158969 0.98675026
 0.33192395 0.94586401
 0.19569361 0.88700137
 0.08099878 0.81678629
-0.01461640 0.73974783
-0.09371362 0.65893060
-0.15858721 0.57628317
-0.23326621 0.45181492
-0.29928941 0.28588700
-0.33336693 0.12255427
-0.34060156 0.00000000
