 2.93387768 0.00000000
 2.91895162 0.16353243
 2.88197969 0.31054531
 2.82988212 0.43978708
 2.76981687 0.54629039
 2.69215883 0.65039408
 2.59602498 0.74857899
 2.45337192 0.85467079
 2.31075410 0.92724917
 2.17471233 0.97207779
 1.99313592 1.00046595
 1.83273580 0.99767220
 1.69443567 0.97418454
 1.53450946 0.92066157
 1.41256234 0.85763686
 1.31924399 0.79341134
 1.21923704 0.70451754
 1.12468877 0.59315741
 1.05883682 0.49024034
 1.01013410 0.39033180
 0.96399111 0.25367454
 0.93816598 0.11227326
 0.93194377 0.00000000
