 3.62072601 0.00000000
 3.60467795 0.16692740
 3.54067621 0.38325982
 3.48686671 0.49440873
 3.38647135 0.64028239
 3.27119558 0.75818380
 3.16222161 0.84030767
 3.04474980 0.90618723
 2.92125021 0.95520614
 2.73353824 0.99620961
 2.58382804 1.00269382
 2.45210361 0.98977519
 2.33836667 0.96411244
 2.20527640 0.91522925
 2.06264619 0.83631172
 1.92320474 0.72414272
 1.81437791 0.59998601
 1.74837715 0.49856425
 1.68379228 0.36155802
 1.64689881 0.24204392
 1.62438963 0.11945299
 1.61433448 0.00000000
