 4.62297881 0.00000000
 4.60688315 0.16326824
 4.54071658 0.38442712
 4.47790083 0.51100754
 4.36906173 0.66145802
 4.25912599 0.76943584
 4.09464525 0.88160140
 3.94193577 0.94905201
 3.80487724 0.98596341
 3.67528389 1.00236992
 3.55571006 1.00246839
 3.40437227 0.98192640
 3.24759352 0.93437364
 3.12161757 0.87413633
 3.02087952 0.80866838
 2.91957794 0.72246130
 2.82852040 0.62067327
 2.75073139 0.50440478
 2.69501861 0.38933965
 2.65435737 0.26712892
 2.62545564 0.13746625
 2.60987946 0.00000000
