 2.08214550 0.00000000
 2.05409905 0.23054299
 2.00958102 0.37171338
 1.94991660 0.49578467
 1.88025084 0.60175263
 1.75910781 0.73593921
 1.62390606 0.84086016
 1.48669954 0.91522097
 1.35023590 0.96435480
 1.21870795 0.99181158
 1.04056459 1.00063104
 0.88490657 0.98204608
 0.75549797 0.94698174
 0.64449145 0.90111317
 0.55012000 0.84882755
 0.43879822 0.76779372
 0.35328798 0.68698160
 0.26049213 0.57255893
 0.17884711 0.43205341
 0.13451730 0.32313518
 0.09647765 0.17434372
 0.08153637 0.00000000
