 5.99373270 0.00000000
 5.97154113 0.18759529
 5.91752156 0.36471009
 5.84966230 0.50509971
 5.77932800 0.61074078
 5.64502353 0.75434044
 5.54372363 0.83308278
 5.43426563 0.89750298
 5.31867372 0.94694433
 5.15906278 0.98959331
 5.01556138 1.00485565
 4.87164673 0.99927984
 4.73756707 0.97536805
 4.61502918 0.93616641
 4.49426831 0.87896153
 4.38638056 0.80915666
 4.29345965 0.73109224
 4.19971610 0.62984529
 4.13243784 0.53520182
 4.08437246 0.44129476
 4.04816394 0.33260110
 4.00946492 0.17778768
 3.97897970 0.09945907
 3.96336955 0.07224879
 3.93836051 0.02664756
 3.93416845 0.00000000
