 3.03571934 0.00000000
 3.01727811 0.18182342
 2.97289713 0.34187949
 2.91036398 0.48105544
 2.83875289 0.59376689
 2.74770444 0.70097845
 2.63724445 0.79844076
 2.47746094 0.89780258
 2.32236325 0.95944983
 2.17873847 0.99167983
 1.99324202 1.00182949
 1.83500186 0.98295464
 1.70260522 0.94669668
 1.55400893 0.88073753
 1.44382513 0.81081079
 1.36122680 0.74343040
 1.27434125 0.65392663
 1.19373488 0.54574761
 1.11694849 0.40232815
 1.07543101 0.28865393
 1.04531541 0.15413883
 1.03363543 0.00000000
