 2.59623423 0.00000000
 2.57983393 0.17318504
 2.54087032 0.32255754
 2.48873920 0.44804265
 2.40787173 0.58260079
 2.26734567 0.74077385
 2.12045352 0.85190860
 1.97303054 0.92717939
 1.82791045 0.97415183
 1.68965753 0.99740798
 1.51196710 0.99871803
 1.36140735 0.97470436
 1.23601909 0.93587611
 1.09069197 0.86610918
 0.98205612 0.79279792
 0.90240333 0.72399085
 0.81555530 0.62907539
 0.74821710 0.53452499
 0.67956442 0.40518485
 0.62168727 0.23254692
 0.60029990 0.10593175
 0.59486751 0.00000000
