 2.00721110 0.00000000
 1.98303379 0.21419435
 1.94429500 0.34679943
 1.89225377 0.46435543
 1.83084521 0.56634026
 1.72258193 0.69857430
 1.59960352 0.80585985
 1.47233623 0.88580206
 1.34325376 0.94265351
 1.21636426 0.97888210
 1.04052959 1.00073103
 0.88299456 0.99374043
 0.74915993 0.96774991
 0.63222764 0.92876186
 0.53121262 0.88129773
 0.41010488 0.80413210
 0.31564445 0.72435326
 0.21168772 0.60815894
 0.11893682 0.46191353
 0.06805755 0.34668144
 0.02405325 0.18748703
 0.00670854 0.00000000
