 6.88365402 0.00000000
 6.87640523 0.10068299
 6.84427613 0.25514852
 6.76475462 0.45635324
 6.67532329 0.60113649
 6.56650515 0.72442980
 6.44826963 0.82218915
 6.27636860 0.91975936
 6.13672244 0.96972302
 5.96824286 1.00128811
 5.78068020 1.00208497
 5.62249366 0.97534657
 5.48928722 0.93133766
 5.37833434 0.87767785
 5.25890252 0.79893211
 5.17513159 0.72708695
 5.10155386 0.64958359
 5.00766644 0.51385969
 4.95343103 0.38684718
 4.92970169 0.29201065
 4.91512418 0.21132300
 4.89948887 0.15536115
 4.88653802 0.12701015
 4.86891489 0.10075873
 4.83672225 0.06587636
 4.79942327 0.01288028
 4.79761855 0.00000000
