 6.70869457 0.00000000
 6.70413085 0.08007570
 6.68060718 0.21175697
 6.62098974 0.38923409
 6.55425389 0.52050712
 6.47174229 0.63741796
 6.37832507 0.73676699
 6.23657046 0.84685515
 6.11545272 0.91319514
 5.96186170 0.96971150
 5.78024193 1.00222901
 5.61757518 1.00299725
 5.47310368 0.98135706
 5.34737242 0.94401092
 5.20586160 0.87901581
 5.10297837 0.81300388
 5.01683776 0.74218412
 4.93852524 0.66314711
 4.84593598 0.53691430
 4.78594806 0.40841211
 4.76121189 0.32234454
 4.74130545 0.22481813
 4.72561619 0.16515248
 4.70588162 0.12234474
 4.68925552 0.09783931
 4.65792731 0.06022431
 4.62842653 0.00000000
