 6.52026660 0.00000000
 6.51423131 0.09442523
 6.45738537 0.32518696
 6.37917187 0.49759743
 6.27849690 0.64297997
 6.16795759 0.75658662
 6.06930442 0.83268831
 5.93810127 0.90797000
 5.77377649 0.96947052
 5.61696597 0.99957971
 5.46949326 1.00516714
 5.33417843 0.99110250
 5.17392120 0.94915598
 5.05089019 0.89678415
 4.94417975 0.83355863
 4.81977777 0.73377073
 4.74028291 0.65150021
 4.65016412 0.52377318
 4.58904364 0.38265537
 4.56603377 0.29267556
 4.53611183 0.16921497
 4.51964738 0.13133282
 4.48586916 0.08007967
 4.46234194 0.04725044
 4.44896963 0.01939284
 4.44571186 0.00000000
