 5.13934457 0.00000000
 5.11638555 0.19413680
 5.07833615 0.32840211
 5.01863208 0.46565388
 4.93410551 0.60060997
 4.83948102 0.71030486
 4.71635075 0.81503817
 4.56615030 0.90477169
 4.43898772 0.95571948
 4.29466275 0.99087826
 4.13774961 1.00471778
 3.95636105 0.98959242
 3.81788265 0.95486969
 3.70403493 0.90962641
 3.61122452 0.85968375
 3.50747681 0.78725280
 3.41349925 0.70195589
 3.32133940 0.59163181
 3.25894424 0.49273670
 3.21015596 0.38955017
 3.17441935 0.28283834
 3.14377621 0.15183960
 3.12301770 0.00000000
