 4.74935722 0.00000000
 4.73955247 0.12546815
 4.70720426 0.27083265
 4.64616378 0.43117840
 4.56798290 0.56792659
 4.43530131 0.72436246
 4.30540534 0.83009236
 4.11798330 0.93039912
 3.95134125 0.98185713
 3.80716935 1.00215390
 3.67544990 1.00219041
 3.55767797 0.98748873
 3.41360523 0.94937160
 3.26986935 0.88646350
 3.15822327 0.81703656
 3.07152044 0.74699256
 2.98637876 0.65965755
 2.91153129 0.56098558
 2.84914178 0.45233380
 2.80536768 0.34773780
 2.77283038 0.23668436
 2.74790618 0.11551455
 2.73555333 0.00000000
