 5.08818907 0.00000000
 5.06754316 0.18368564
 5.03265655 0.31269171
 4.97804244 0.44504628
 4.90044559 0.57644050
 4.81299378 0.68481478
 4.69784205 0.79051686
 4.55549844 0.88405580
 4.43338151 0.93977897
 4.29279816 0.98134428
 4.13767468 1.00293013
 3.95523964 0.99704142
 3.81366705 0.96890474
 3.69571130 0.92846485
 3.59848708 0.88174841
 3.48872325 0.81183664
 3.38816381 0.72744059
 3.28850054 0.61603068
 3.22038258 0.51461047
 3.16659554 0.40751880
 3.12718183 0.29625427
 3.09478659 0.16221711
 3.07224262 0.00000000
