 5.50877348 0.00000000
 5.46109151 0.28453814
 5.41707178 0.40338051
 5.35624292 0.52060450
 5.27747753 0.63257944
 5.18111493 0.73616945
 5.07841194 0.81977568
 4.97365396 0.88475046
 4.85471807 0.93929324
 4.72846825 0.97808809
 4.59715065 0.99997053
 4.44948907 1.00380034
 4.29883901 0.98525030
 4.15243492 0.94359905
 4.00211845 0.87369224
 3.89918183 0.80613481
 3.79064007 0.71176512
 3.67101691 0.56633092
 3.61058062 0.46322704
 3.55655793 0.32594665
 3.51054386 0.13326531
 3.49971125 0.09488775
 3.48519222 0.06330742
 3.46792612 0.03209548
 3.45960417 0.00000000
