 2.56677833 0.00000000
 2.55134697 0.16801373
 2.51441281 0.31370017
 2.46499193 0.43644770
 2.38814767 0.56877611
 2.25365123 0.72610563
 2.11192205 0.83856800
 1.96848777 0.91655563
 1.82607674 0.96704823
 1.68928632 0.99413688
 1.51183797 1.00064789
 1.36002041 0.98093438
 1.23253496 0.94537482
 1.08358032 0.87869606
 0.97138437 0.80693318
 0.88863757 0.73865853
 0.79797719 0.64349159
 0.72736287 0.54788103
 0.65507042 0.41616258
 0.59387240 0.23922629
 0.57119702 0.10899398
 0.56544597 0.00000000
