 1.37910884 0.00000000
 1.37236250 0.11435578
 1.35271270 0.22693378
 1.30773853 0.37039198
 1.24273693 0.50384568
 1.16017172 0.62434395
 1.06447018 0.72824816
 0.95788867 0.81565706
 0.84343657 0.88591835
 0.66640778 0.95822226
 0.48956092 0.99434065
 0.31965912 0.99875778
 0.16123297 0.97654946
 0.01697782 0.93273674
-0.11179693 0.87185049
-0.22473878 0.79776323
-0.32209407 0.71365327
-0.40444196 0.62205734
-0.47250473 0.52495988
-0.52701893 0.42389555
-0.56866032 0.32004138
-0.59800948 0.21426812
-0.61536235 0.10767549
-0.62099525 0.00000000
