 5.47637160 0.00000000
 5.43155114 0.27548858
 5.38983562 0.39166727
 5.33238999 0.50643739
 5.25763480 0.61688579
 5.16570762 0.72006825
 5.06720044 0.80441921
 4.96598202 0.87102526
 4.85026546 0.92818061
 4.72651454 0.97040521
 4.59671673 0.99627100
 4.44945778 1.00477145
 4.29777285 0.99101539
 4.14891274 0.95365336
 3.99462072 0.88731239
 3.88803076 0.82146392
 3.77484018 0.72787140
 3.64919700 0.58140394
 3.58500736 0.47623601
 3.52711178 0.33495621
 3.47977067 0.14036468
 3.46762189 0.09558440
 3.45967649 0.07650248
 3.44260335 0.04508206
 3.42790930 0.00000000
