 3.28786001 0.00000000
 3.25718587 0.23507751
 3.21504919 0.36710005
 3.15862407 0.48724245
 3.09018788 0.59421413
 2.98280726 0.71766950
 2.85342952 0.82438599
 2.70561955 0.90925189
 2.57498981 0.95938573
 2.44910003 0.98902473
 2.33102204 1.00166468
 2.18018900 0.99750175
 2.00102564 0.96213737
 1.86059099 0.90891186
 1.75092100 0.84899668
 1.63565712 0.76397961
 1.52502877 0.65322758
 1.43801655 0.53453310
 1.38517433 0.43882549
 1.34010022 0.32961085
 1.31041873 0.22311573
 1.29213516 0.11915477
 1.28271731 0.00000000
