 6.48798214 0.00000000
 6.48245039 0.09059545
 6.42863277 0.31499915
 6.35449529 0.48388335
 6.25904538 0.62717240
 6.15351387 0.74053406
 6.05872142 0.81753554
 5.93170332 0.89511246
 5.77119816 0.96073054
 5.61644161 0.99551638
 5.46947992 1.00576588
 5.33339884 0.99605624
 5.17070916 0.95882620
 5.04466084 0.90953238
 4.93436611 0.84839676
 4.80518205 0.74985960
 4.71258678 0.65670871
 4.62020475 0.52814510
 4.55873567 0.38878169
 4.53519831 0.29928714
 4.50677972 0.17915990
 4.49329240 0.14430811
 4.46463639 0.09552552
 4.44030480 0.06204575
 4.42140261 0.02981515
 4.41433447 0.00000000
