 5.57900773 0.00000000
 5.52455238 0.30493948
 5.47505552 0.42968949
 5.40626085 0.55214783
 5.31828630 0.66701453
 5.21186921 0.77082908
 5.09996790 0.85202964
 4.98770838 0.91271943
 4.86219394 0.96083178
 4.73121488 0.99158717
 4.59747791 1.00452072
 4.44996878 0.99817530
 4.30258683 0.96955824
 4.16227810 0.91932631
 4.02105371 0.84265990
 3.92611031 0.77216583
 3.82736786 0.67691393
 3.72017883 0.53446103
 3.65014664 0.39492602
 3.59707479 0.20246113
 3.57113161 0.10110903
 3.55946370 0.07314248
 3.53850692 0.03381999
 3.52824864 0.00000000
