 4.84878615 0.00000000
 4.83648745 0.14066823
 4.79800350 0.29884038
 4.72567140 0.47086883
 4.66666830 0.56886097
 4.58563916 0.67184215
 4.47953148 0.77366542
 4.38382105 0.84404164
 4.26698206 0.90879642
 4.12912221 0.96161157
 3.95410096 0.99790694
 3.80728272 1.00391379
 3.67679626 0.99103969
 3.56295337 0.96537687
 3.42725532 0.91528685
 3.29549724 0.84308580
 3.15679303 0.73422324
 3.04633375 0.61117553
 2.98279922 0.51637505
 2.91149795 0.36678037
 2.86693073 0.21410559
 2.83446817 0.00000000
