 6.47453189 0.00000000
 6.46919962 0.08904231
 6.41659891 0.31082088
 6.34409070 0.47824656
 6.25075274 0.62062770
 6.14727036 0.73382488
 6.05407699 0.81113975
 5.92881765 0.88959438
 5.76995943 0.95684438
 5.61614149 0.99353281
 5.46947943 1.00570848
 5.33316202 0.99782773
 5.16953935 0.96262038
 5.04228425 0.91466793
 4.93051594 0.85447320
 4.79931100 0.75653785
 4.66286153 0.61218562
 4.58246050 0.48229288
 4.54546077 0.38959641
 4.52237634 0.30208895
 4.49442149 0.18310597
 4.48193656 0.14940631
 4.45540321 0.10185546
 4.43142036 0.06837682
 4.41056339 0.03485340
 4.40125826 0.00000000
