 4.68212579 0.00000000
 4.66383653 0.17425393
 4.59063888 0.40580103
 4.52102299 0.53719307
 4.40141911 0.69083158
 4.28230257 0.79824272
 4.10694621 0.90555882
 3.94732945 0.96601887
 3.80646169 0.99543720
 3.67536185 1.00425689
 3.55617033 0.99736156
 3.40770849 0.96832664
 3.25665782 0.91311450
 3.13723013 0.84811757
 3.04306120 0.78010738
 2.94947736 0.69298617
 2.86625775 0.59236441
 2.79598738 0.47948614
 2.74618364 0.36932396
 2.70961187 0.25253830
 2.68271076 0.12702077
 2.66870177 0.00000000
