 4.30818521 0.00000000
 4.27684874 0.23284882
 4.22591743 0.38667207
 4.16217128 0.51358497
 4.09404467 0.61396787
 3.98520927 0.73379383
 3.87497597 0.82293765
 3.71027460 0.91629837
 3.55021142 0.97232011
 3.40090009 0.99887013
 3.22984600 1.00144563
 3.07860412 0.97883394
 2.94731907 0.93924357
 2.78775088 0.86205299
 2.68577818 0.79186759
 2.58049655 0.69645851
 2.50056650 0.60146950
 2.43164177 0.49450444
 2.37625069 0.37675887
 2.33603297 0.25086590
 2.31285730 0.14696725
 2.29713622 0.00000000
