 7.03992002 0.00000000
 7.02930091 0.12266838
 7.00449945 0.24091174
 6.95854956 0.37608096
 6.88399100 0.52273229
 6.81042863 0.62848779
 6.72589694 0.72168326
 6.63275694 0.80144011
 6.49115494 0.89158716
 6.29455142 0.96937092
 6.14289425 0.99930281
 5.96863227 1.00464338
 5.78513638 0.97696156
 5.63834968 0.92861538
 5.52006740 0.86951751
 5.42486371 0.80647771
 5.32545656 0.72182997
 5.24721319 0.63711988
 5.15938817 0.50498587
 5.10247592 0.36273067
 5.08094128 0.26536004
 5.06475682 0.17667069
 5.03975700 0.11746605
 5.00252213 0.07436485
 4.97613627 0.05092871
 4.94886698 0.00718309
 4.94820822 0.00000000
