 3.03303869 0.00000000
 3.01469892 0.18131968
 2.97053047 0.34102240
 2.90829638 0.47993423
 2.83701059 0.59249145
 2.74633217 0.69964086
 2.63625960 0.79715049
 2.47692406 0.89673152
 2.32213422 0.95870152
 2.17867883 0.99128512
 1.99323856 1.00192589
 1.83490039 0.98346574
 1.70231849 0.94752424
 1.55340024 0.88185877
 1.44290014 0.81208268
 1.36002236 0.74476094
 1.27280241 0.65524868
 1.19184897 0.54696763
 1.11470090 0.40330959
 1.07297353 0.28938770
 1.04269953 0.15453953
 1.03095952 0.00000000
