 7.08305409 0.00000000
 7.07131142 0.12935227
 7.04465590 0.25183354
 6.99511031 0.39160322
 6.91507387 0.54205882
 6.83626788 0.64958406
 6.74612669 0.74318922
 6.64781865 0.82197772
 6.55073988 0.88272231
 6.43394834 0.93732525
 6.29722925 0.97974655
 6.14330920 1.00345950
 5.96889644 1.00131105
 5.78801351 0.96620340
 5.64536435 0.91270966
 5.53169492 0.85039561
 5.44094275 0.78563532
 5.35219342 0.70589998
 5.24200948 0.57137493
 5.17483527 0.44677727
 5.14224223 0.35167712
 5.12295446 0.25869964
 5.11294025 0.19610698
 5.09571625 0.14058053
 5.06825016 0.09667692
 5.02133803 0.05300368
 4.98967176 0.00000000
