 4.59610069 0.00000000
 4.58092372 0.15847172
 4.51772468 0.37500456
 4.45778276 0.49938748
 4.35360042 0.64819860
 4.24772182 0.75617730
 4.08821526 0.87014998
 3.93883034 0.94047674
 3.80375276 0.98059831
 3.67513189 1.00037076
 3.55565631 1.00365537
 3.40333828 0.98708978
 3.24421521 0.94327150
 3.11538768 0.88546303
 3.01169269 0.82139243
 2.90681545 0.73584719
 2.81205546 0.63372254
 2.73066621 0.51603641
 2.67207372 0.39876022
 2.62937265 0.27397355
 2.59947090 0.14231953
 2.58314422 0.00000000
