 5.95059934 0.00000000
 5.93037103 0.17875938
 5.88009119 0.35016393
 5.81699191 0.48670106
 5.75158653 0.59014879
 5.62548256 0.73292206
 5.47779699 0.84818639
 5.31323578 0.93266138
 5.15734399 0.98119886
 5.01542105 1.00246751
 4.87131343 1.00302556
 4.73546502 0.98464462
 4.60987246 0.95013658
 4.48475825 0.89680333
 4.37184999 0.82948867
 4.27385107 0.75251559
 4.15758257 0.63054561
 4.08036319 0.51945736
 4.01555349 0.37157865
 3.97774038 0.22105107
 3.94933622 0.12932683
 3.93098180 0.09089853
 3.89825684 0.02849548
 3.89256812 0.01081784
 3.89199743 0.00204584
 3.89206391 0.00000000
