 2.67658741 0.00000000
 2.65725039 0.18803006
 2.61217816 0.34779833
 2.55190006 0.48085067
 2.45920463 0.62110057
 2.35771948 0.73145775
 2.24988843 0.81936045
 2.14039489 0.88653034
 1.98264527 0.95316840
 1.83107922 0.98966158
 1.68996619 1.00200889
 1.51316380 0.98916698
 1.36723237 0.95396612
 1.24834506 0.90700838
 1.11342834 0.83000551
 0.97789384 0.71954497
 0.86615293 0.59039079
 0.80717073 0.49913336
 0.74764655 0.37643326
 0.71148753 0.26985529
 0.68527774 0.14410201
 0.67510638 0.00000000
