 3.69318234 0.00000000
 3.67448796 0.18029991
 3.60181040 0.40944459
 3.54069822 0.52594310
 3.42774406 0.67607135
 3.30032241 0.79363367
 3.18189274 0.87245890
 3.05638477 0.93270849
 2.92671281 0.97424694
 2.73407519 1.00222377
 2.58417871 0.99789502
 2.45492742 0.97583664
 2.34528668 0.94288571
 2.21925281 0.88671523
 2.08678451 0.80224800
 1.95987074 0.68803053
 1.86248317 0.56588875
 1.80408453 0.46815544
 1.74756429 0.33820473
 1.71558181 0.22616985
 1.69547171 0.10965652
 1.68656566 0.00000000
