 4.87297985 0.00000000
 4.85999848 0.14459286
 4.81986423 0.30597706
 4.74447185 0.48090945
 4.68299035 0.58016827
 4.59881065 0.68387452
 4.48918730 0.78549435
 4.39074126 0.85495808
 4.27116663 0.91793752
 4.13100244 0.96807647
 3.95436253 1.00039476
 3.80733019 1.00285400
 3.67752279 0.98691279
 3.56494253 0.95873643
 3.43156262 0.90604344
 3.30287149 0.83196465
 3.16832122 0.72216826
 3.06182541 0.59960398
 3.00083535 0.50588301
 2.93280735 0.35902119
 2.88981797 0.20856371
 2.85850801 0.00000000
