 1.30969318 0.00000000
 1.30385623 0.10662775
 1.28667734 0.21207356
 1.24724310 0.34722099
 1.18989390 0.47429694
 1.11632720 0.59089854
 1.03005163 0.69357871
 0.93269385 0.78231528
 0.82660793 0.85620787
 0.65926619 0.93718420
 0.48805194 0.98431540
 0.31959429 1.00036053
 0.15888544 0.98901762
 0.00939900 0.95433605
-0.12666635 0.90028963
-0.24809516 0.83052503
-0.35437549 0.74823911
-0.44546090 0.65614786
-0.52158269 0.55651088
-0.58310749 0.45118716
-0.63043839 0.34170278
-0.66396855 0.22928246
-0.68389756 0.11526660
-0.69040267 0.00000000
