 5.70819740 0.00000000
 5.69648681 0.13511355
 5.63945415 0.34549560
 5.57783763 0.48161752
 5.49197535 0.61305871
 5.38516221 0.73138010
 5.25888583 0.83278677
 5.13015846 0.90648678
 5.00510440 0.95652419
 4.86945930 0.99017765
 4.73268846 1.00443286
 4.59779074 1.00027200
 4.45422662 0.97557936
 4.31617498 0.93022004
 4.18926469 0.86702930
 4.06592306 0.78136324
 3.98551782 0.70801402
 3.90336528 0.61353601
 3.81018145 0.46592136
 3.76204167 0.34408488
 3.73451593 0.23231563
 3.70482377 0.11640988
 3.68791792 0.07628370
 3.65939835 0.01998386
 3.65541102 0.00710697
 3.65489710 0.00000000
