 6.47991187 0.00000000
 6.47450052 0.08966058
 6.42141613 0.31248753
 6.34826100 0.48049578
 6.25408286 0.62324243
 6.14978355 0.73650967
 6.05595134 0.81370345
 5.92998760 0.89181251
 5.77046693 0.95841573
 5.61626783 0.99434655
 5.46947985 1.00575308
 5.33325108 0.99714000
 5.16999576 0.96111967
 5.04321966 0.91262660
 4.93203925 0.85205055
 4.80164376 0.75386866
 4.70802165 0.66071476
 4.63974585 0.57249366
 4.56712169 0.43505148
 4.52750467 0.30096859
 4.49937277 0.18153975
 4.48650248 0.14738834
 4.45912782 0.09933384
 4.43496372 0.06583740
 4.41485206 0.03279504
 4.40648892 0.00000000
