 5.54658661 0.00000000
 5.49535907 0.29538639
 5.44847582 0.41738786
 5.38346742 0.53744942
 5.29983176 0.65105748
 5.19812764 0.75488695
 5.09048266 0.83733630
 4.98165073 0.90013258
 4.85909702 0.95134254
 4.73017635 0.98590538
 4.59740409 1.00301515
 4.44964963 1.00136662
 4.30058900 0.97733088
 4.15734431 0.93093207
 4.01185168 0.85722009
 3.91321262 0.78795316
 3.81000213 0.69297841
 3.69716933 0.54902515
 3.64382347 0.45461698
 3.60374013 0.35557540
 3.57535551 0.25316746
 3.54611397 0.12430214
 3.53285950 0.08449348
 3.51368473 0.04720616
 3.49657176 0.00000000
