 2.94727524 0.00000000
 2.93192460 0.16584140
 2.89405210 0.31452554
 2.84068632 0.44505868
 2.77919653 0.55241350
 2.69985698 0.65700678
 2.60188967 0.75521629
 2.45698156 0.86060570
 2.31264258 0.93190500
 2.17547716 0.97518194
 1.99318056 1.00123405
 1.83287820 0.99629978
 1.69521429 0.97105299
 1.53666087 0.91574888
 1.41622137 0.85167691
 1.32431910 0.78692382
 1.22608237 0.69783418
 1.13345472 0.58680308
 1.06907088 0.48456973
 1.02152115 0.38556884
 0.97654490 0.25045283
 0.95139134 0.11081881
 0.94532405 0.00000000
