 4.54773058 0.00000000
 4.53409322 0.15013883
 4.47590362 0.35849733
 4.42080851 0.47893284
 4.32463238 0.62453882
 4.22585090 0.73215115
 4.07528352 0.84877410
 3.93211998 0.92379311
 3.80095613 0.96935170
 3.67451608 0.99500154
 3.55564486 1.00398822
 3.40209827 0.99470567
 3.23921587 0.95796781
 3.10549925 0.90494086
 2.99656602 0.84377471
 2.87257255 0.74864403
 2.79757037 0.67344977
 2.69539488 0.53743130
 2.63130545 0.41623151
 2.58462752 0.28664861
 2.55276842 0.15123145
 2.53502414 0.00000000
