 1.64088036 0.00000000
 1.62931790 0.14878487
 1.59684388 0.29201406
 1.52355207 0.46941759
 1.42131562 0.62507597
 1.29762847 0.75424343
 1.16210247 0.85378399
 1.02024611 0.92577087
 0.87767610 0.97220952
 0.74296982 0.99556014
 0.61335883 1.00049971
 0.49112787 0.98964928
 0.33003891 0.95149039
 0.19182217 0.89457304
 0.07490367 0.82554528
-0.02295684 0.74903569
-0.10417906 0.66820526
-0.17097981 0.58511432
-0.24808043 0.45938973
-0.31642110 0.29105313
-0.35178039 0.12480558
-0.35929783 0.00000000
