 3.01159467 0.00000000
 2.99404838 0.17733422
 2.95154435 0.33422982
 2.89165359 0.47103236
 2.82292807 0.58233547
 2.73517628 0.68894667
 2.62818499 0.78677721
 2.47244347 0.88802835
 2.32016147 0.95251342
 2.17812316 0.98788609
 1.99322553 1.00243973
 1.83418197 0.98731887
 1.70017319 0.95395044
 1.54872086 0.89070143
 1.43569955 0.82219032
 1.35057869 0.75538362
 1.26066034 0.66584873
 1.17689182 0.55678442
 1.09679770 0.41123127
 1.05335583 0.29532058
 1.02178478 0.15778211
 1.00955269 0.00000000
