 6.19069988 0.00000000
 6.15732042 0.23240325
 6.08242979 0.43681268
 5.98779676 0.59456866
 5.89136356 0.70766902
 5.71671778 0.84841888
 5.59125443 0.91655108
 5.46144975 0.96451851
 5.33122729 0.99373255
 5.16100405 1.00548412
 5.01696131 0.99249760
 4.88025715 0.96047368
 4.75954686 0.91432175
 4.65455603 0.85808861
 4.55552135 0.78852054
 4.47017886 0.71240087
 4.39611145 0.63080556
 4.32768464 0.53319069
 4.27180473 0.41819002
 4.23580298 0.29322022
 4.21967726 0.21993596
 4.19653434 0.14834060
 4.16302645 0.08396642
 4.13817776 0.04294453
 4.12610258 0.00349927
 4.12603661 0.00000000
