 6.80826489 0.00000000
 6.80229635 0.09130390
 6.77415377 0.23577162
 6.70397112 0.42649316
 6.62509917 0.56561046
 6.52820863 0.68674999
 6.42095471 0.78599191
 6.26195471 0.89016907
 6.12980645 0.94804530
 5.96680256 0.99112082
 5.78045748 1.00586199
 5.61917838 0.99074673
 5.48024805 0.95578717
 5.36241247 0.90842621
 5.23316423 0.83464933
 5.14137386 0.76457942
 5.04598683 0.67199043
 4.94999032 0.54446165
 4.88881578 0.41786366
 4.85736374 0.30632447
 4.83391065 0.18990621
 4.82314548 0.15571212
 4.81074703 0.12871149
 4.79841692 0.10879922
 4.76951830 0.07427399
 4.73853757 0.03847546
 4.72477657 0.00000000
