 4.78428557 0.00000000
 4.77365894 0.13064078
 4.73926783 0.28043342
 4.67448492 0.44483189
 4.59147573 0.58428661
 4.45166290 0.74176996
 4.36317059 0.81400888
 4.25381157 0.88283897
 4.12256216 0.94217215
 3.95267958 0.98853833
 3.80726047 1.00389384
 3.67568392 0.99935839
 3.55905191 0.98070598
 3.41768791 0.93816304
 3.27802894 0.87170034
 3.17052193 0.80037726
 3.08765832 0.72961554
 3.00674095 0.64247955
 2.93601748 0.54504832
 2.87745206 0.43871845
 2.83653809 0.33698596
 2.80586323 0.22872141
 2.78185755 0.10967579
 2.77031935 0.00000000
