 4.96978885 0.00000000
 4.95373846 0.16122503
 4.90629866 0.33584991
 4.81729214 0.52254757
 4.74499529 0.62647972
 4.64748997 0.73216853
 4.52338241 0.83163406
 4.41400591 0.89619471
 4.28410161 0.95074669
 4.13586323 0.98901034
 3.95462132 1.00457502
 3.80844098 0.99289320
 3.68274602 0.96520337
 3.57626340 0.92776115
 3.45298569 0.86598206
 3.33688282 0.78587990
 3.21859813 0.67397276
 3.13580334 0.56775218
 3.06892624 0.45207257
 3.01926574 0.32945120
 2.98174862 0.18710808
 2.95467792 0.00000000
