 6.18799967 0.00000000
 6.15480168 0.23173728
 6.08024552 0.43575977
 5.98603963 0.59328836
 5.89000161 0.70632400
 5.71593335 0.84719725
 5.59079370 0.91553826
 5.46123266 0.96378613
 5.33116154 0.99331832
 5.16100346 1.00552465
 5.01689402 0.99291832
 4.88002584 0.96122887
 4.75908212 0.91533882
 4.65382292 0.85928578
 4.55448207 0.78982947
 4.46884923 0.71374675
 4.39449058 0.63212240
 4.32571363 0.53437315
 4.26946865 0.41907626
 4.23324047 0.29378528
 4.21712458 0.22057019
 4.19420964 0.14930281
 4.16107627 0.08517449
 4.13536975 0.04256417
 4.12348151 0.00361469
 4.12341070 0.00000000
