 3.90245438 0.00000000
 3.88886866 0.15171287
 3.84713742 0.31697885
 3.76910686 0.49280897
 3.68160720 0.62360081
 3.58187531 0.73191854
 3.47402537 0.81988040
 3.36212481 0.88840953
 3.21774601 0.95038356
 3.07295084 0.98781553
 2.93149634 1.00288177
 2.73549383 0.99047755
 2.59351421 0.95649129
 2.47782341 0.91165396
 2.38433935 0.86225305
 2.28163247 0.79172062
 2.17893399 0.69900110
 2.08509832 0.58599876
 2.02174963 0.48478620
 1.96786827 0.36678131
 1.92543716 0.23053958
 1.89356630 0.00000000
