 1.70502063 0.00000000
 1.69184718 0.15865219
 1.65515873 0.31034127
 1.60440716 0.43636840
 1.53838940 0.55232347
 1.45918951 0.65656595
 1.32385743 0.78573197
 1.17808433 0.88148440
 1.02826653 0.94694218
 0.88047986 0.98526138
 0.74332761 1.00018338
 0.61359377 0.99681325
 0.49320390 0.97836599
 0.33736602 0.93113290
 0.20616252 0.86789293
 0.09692287 0.79513512
 0.00670989 0.71710412
-0.09857899 0.59657386
-0.19676510 0.43380723
-0.25745549 0.27368847
-0.28860325 0.11726083
-0.29519435 0.00000000
