 2.91512241 0.00000000
 2.90077287 0.16034806
 2.86502643 0.30504418
 2.81465447 0.43248777
 2.72275795 0.58763610
 2.58759295 0.73926218
 2.44809091 0.84624806
 2.30791350 0.92053477
 2.17350251 0.96747698
 1.99303389 0.99909355
 1.83259294 0.99929938
 1.69347832 0.97830799
 1.53169852 0.92734793
 1.40766865 0.86586027
 1.31236993 0.80243297
 1.20986625 0.71387650
 1.11258737 0.60210705
 1.04463485 0.49825565
 0.99427695 0.39708161
 0.94645381 0.25825213
 0.91965822 0.11434070
 0.91321195 0.00000000
