 6.91597343 0.00000000
 6.90811154 0.10494386
 6.87412765 0.26378615
 6.79020591 0.46959109
 6.69587175 0.61667668
 6.58168752 0.74055702
 6.45865235 0.83726714
 6.28135495 0.93141979
 6.13879241 0.97761691
 5.96847087 1.00396637
 5.78102602 0.99876335
 5.62467547 0.96723446
 5.49425933 0.91967885
 5.38644042 0.86366911
 5.27123820 0.78323592
 5.15493728 0.67348498
 5.07114701 0.56583276
 4.99989391 0.42732956
 4.96085536 0.28619795
 4.94629898 0.20472160
 4.93533969 0.16391307
 4.92263554 0.13317298
 4.91046152 0.11244729
 4.88759927 0.08460155
 4.85338240 0.04984372
 4.83047062 0.01222820
 4.82881126 0.00000000
