 3.76561560 0.00000000
 3.75553789 0.13052820
 3.72283393 0.27761047
 3.66142223 0.43699645
 3.59208841 0.55873171
 3.46552138 0.71219029
 3.32547278 0.82805604
 3.19768902 0.90230431
 3.06469962 0.95571926
 2.92981186 0.98880653
 2.73411622 1.00304715
 2.58558268 0.98802299
 2.46003438 0.95735924
 2.35537184 0.91787389
 2.23706434 0.85559448
 2.11496260 0.76701696
 2.00013984 0.65214438
 1.91333914 0.53287170
 1.86179874 0.43911713
 1.81252904 0.31633562
 1.78463132 0.21097900
 1.75878290 0.00000000
