 4.89986570 0.00000000
 4.88608773 0.14906138
 4.84404069 0.31406006
 4.76509225 0.49224092
 4.70075154 0.59286716
 4.61298354 0.69727801
 4.49939976 0.79852077
 4.39790715 0.86682686
 4.27535460 0.92767636
 4.13275584 0.97469966
 3.95452944 1.00248770
 3.80746016 1.00099885
 3.67857513 0.98170247
 3.56752711 0.95081938
 3.43683075 0.89538652
 3.31159368 0.81939762
 3.18162809 0.70876084
 3.07942948 0.58686763
 3.02118540 0.49440692
 2.95663494 0.35057600
 2.91529555 0.20249295
 2.88522018 0.00000000
