 6.79480608 0.00000000
 6.78904549 0.08971025
 6.76156802 0.23242281
 6.69292513 0.42131261
 6.61581161 0.55938634
 6.52095869 0.68003791
 6.41562468 0.77941106
 6.25895459 0.88457029
 6.12823264 0.94372497
 5.96636672 0.98874344
 5.78045682 1.00594501
 5.61880780 0.99295379
 5.47898537 0.95971330
 5.35999472 0.91359566
 5.22902753 0.84085927
 5.13576833 0.77121690
 5.03864285 0.67869664
 4.95938099 0.57961642
 4.89988418 0.47653869
 4.85717102 0.36024899
 4.83415676 0.25755096
 4.82114209 0.19316672
 4.80475829 0.14431579
 4.78897668 0.11510504
 4.76224748 0.08101937
 4.72914152 0.04371338
 4.71176630 0.00000000
