 4.86491491 0.00000000
 4.85216463 0.14327451
 4.81258782 0.30358374
 4.73823003 0.47754590
 4.67758463 0.57638600
 4.59446354 0.67985982
 4.48601740 0.78156148
 4.38848426 0.85134281
 4.26981616 0.91492899
 4.13040856 0.96597367
 3.95428852 0.99962872
 3.80730854 1.00327168
 3.67725871 0.98834825
 3.56424504 0.96100190
 3.43008171 0.90916234
 3.30036342 0.83569270
 3.16443098 0.72618862
 3.05662399 0.60345013
 2.99479349 0.50936335
 2.92568963 0.36159076
 2.88218428 0.21040260
 2.85049462 0.00000000
