 2.62837214 0.00000000
 2.61085076 0.17899085
 2.56954831 0.33246124
 2.51429437 0.46095923
 2.42884753 0.59786915
 2.33434477 0.70740573
 2.23294986 0.79638826
 2.12900942 0.86609057
 1.97734715 0.93812157
 1.82947397 0.98105012
 1.68987369 1.00001317
 1.51226708 0.99564297
 1.36335439 0.96704946
 1.24043754 0.92482640
 1.09919552 0.85195555
 0.95538366 0.74354597
 0.83533766 0.61348046
 0.77144402 0.52018236
 0.70657969 0.39347562
 0.66695041 0.28252735
 0.63812935 0.15098643
 0.62696272 0.00000000
