 6.16909988 0.00000000
 6.13714804 0.22711748
 6.06489158 0.42844069
 5.97362663 0.58436390
 5.88032735 0.69691204
 5.71028797 0.83857721
 5.58742767 0.90832889
 5.45960657 0.95849992
 5.33063764 0.99023083
 5.16100259 1.00560535
 5.01648228 0.99567430
 4.87851328 0.96635331
 4.75596876 0.92233461
 4.64884615 0.86758471
 4.54736003 0.79895418
 4.45967937 0.72316404
 4.38067461 0.63816705
 4.29268241 0.50962485
 4.23757869 0.38151871
 4.21531841 0.29776586
 4.19924629 0.22498200
 4.17779443 0.15589008
 4.14724795 0.09355976
 4.10982644 0.02558896
 4.10514691 0.00458719
 4.10502688 0.00000000
