 3.83804857 0.00000000
 3.82622954 0.14139461
 3.78900955 0.29792820
 3.71929863 0.46593421
 3.64078698 0.59264659
 3.55025622 0.69977326
 3.45097393 0.78906078
 3.34662775 0.86093217
 3.20981028 0.92927482
 3.07012448 0.97469940
 2.93117586 0.99852035
 2.73441400 0.99866063
 2.58873452 0.97332437
 2.46798727 0.93477309
 2.36901058 0.88962141
 2.25886185 0.82244325
 2.14711809 0.73111509
 2.04375591 0.61678919
 1.97297589 0.51226777
 1.91223337 0.38872797
 1.86504074 0.24613521
 1.82944806 0.00000000
