 2.71141597 0.00000000
 2.69066033 0.19481238
 2.64265654 0.35924123
 2.57848375 0.49559547
 2.48026828 0.63809128
 2.37356659 0.74876934
 2.26101671 0.83557006
 2.14756150 0.90058643
 1.98565910 0.96294138
 1.83178184 0.99453745
 1.68996967 1.00201165
 1.51424730 0.98313500
 1.37082553 0.94338981
 1.25505876 0.89329406
 1.12481814 0.81369762
 0.99519341 0.70217192
 0.88922411 0.57397177
 0.83359879 0.48429076
 0.77768956 0.36451523
 0.74385988 0.26103963
 0.71938987 0.13932478
 0.70987935 0.00000000
