 3.54829604 0.00000000
 3.53455199 0.15443473
 3.47819829 0.35842199
 3.43084324 0.46421154
 3.34192611 0.60512093
 3.23818393 0.72218085
 3.08473739 0.84359121
 2.91288772 0.93213970
 2.73177227 0.98515940
 2.58379437 1.00229426
 2.45091886 0.99884064
 2.33411398 0.98106775
 2.19487382 0.94056236
 2.04254331 0.86866941
 1.93193813 0.79422261
 1.85058239 0.72371321
 1.76927310 0.63498035
 1.69491092 0.53028871
 1.62132298 0.38635786
 1.57877245 0.25896917
 1.55345504 0.12972532
 1.54211273 0.00000000
