 6.68446771 0.00000000
 6.67525163 0.11623943
 6.60039974 0.38054067
 6.53631762 0.50988608
 6.45705399 0.62557887
 6.36685970 0.72467296
 6.22926527 0.83574280
 6.11096442 0.90379090
 5.95997255 0.96322721
 5.78000816 0.99987203
 5.61747890 1.00452220
 5.47205369 0.98629335
 5.34465578 0.95165693
 5.20036602 0.88916622
 5.09474373 0.82447117
 5.00607212 0.75422902
 4.92240063 0.67218405
 4.82056521 0.53493646
 4.76353477 0.41325794
 4.73833809 0.32769958
 4.71794818 0.22967762
 4.70357998 0.17257578
 4.68704362 0.13273752
 4.67306292 0.10943868
 4.64383811 0.07212379
 4.60496051 0.00000000
