 6.82710917 0.00000000
 6.82083931 0.09357595
 6.79174257 0.24051592
 6.71934122 0.43382307
 6.63794341 0.57438780
 6.53815218 0.69616075
 6.42818749 0.79515311
 6.26593445 0.89785584
 6.13183032 0.95387270
 5.96731141 0.99416745
 5.78046708 1.00544386
 5.61980000 0.98737545
 5.48218801 0.95005880
 5.36600991 0.90101691
 5.23919067 0.82586137
 5.14943770 0.75525139
 5.06272479 0.66978331
 4.96625237 0.54009804
 4.90325498 0.40570625
 4.87539579 0.30263510
 4.85170237 0.18516424
 4.83967288 0.14916584
 4.82518558 0.12047971
 4.79541654 0.08176209
 4.75968414 0.04232425
 4.74706021 0.02009246
 4.74298917 0.00000000
