 3.87293253 0.00000000
 3.86018378 0.14690468
 3.82058213 0.30812890
 3.74648038 0.48035855
 3.66319874 0.60932879
 3.56774707 0.71719161
 3.46385184 0.80587104
 3.35540277 0.87604724
 3.21442241 0.94106966
 3.07185981 0.98226241
 2.93141823 1.00139045
 2.73486873 0.99471933
 2.59106419 0.96462669
 2.47297256 0.92257953
 2.37692939 0.87503204
 2.27079841 0.80592252
 2.16398488 0.71372381
 2.06585246 0.60002252
 1.99916893 0.49724510
 1.94223999 0.37670542
 1.89770336 0.23759685
 1.86417793 0.00000000
