 2.64979989 0.00000000
 2.63149206 0.18295864
 2.58855415 0.33920573
 2.53111876 0.46972388
 2.44250678 0.60814840
 2.34493628 0.71810112
 2.24069715 0.80666564
 2.13428223 0.87530610
 1.97987045 0.94501852
 1.83028844 0.98513935
 1.68993907 1.00118488
 1.51258983 0.99303786
 1.36492863 0.96146580
 1.24375763 0.91708401
 1.10530145 0.84229889
 0.96517868 0.73289290
 0.84886747 0.60317052
 0.78719473 0.51075720
 0.72475285 0.38582351
 0.68670211 0.27682770
 0.65907171 0.14788724
 0.64835941 0.00000000
