 7.18284874 0.00000000
 7.16813883 0.14586963
 7.13665956 0.27850923
 7.07766126 0.42931526
 6.98351313 0.58825276
 6.89137482 0.69906798
 6.78765255 0.79228324
 6.67731249 0.86737836
 6.57032902 0.92219624
 6.44425216 0.96751869
 6.30058546 0.99746867
 6.14346085 1.00604910
 5.97113939 0.98677627
 5.79848044 0.93573939
 5.66661661 0.87196558
 5.56397551 0.80381388
 5.48330246 0.73638182
 5.37317155 0.61600493
 5.27360843 0.44643149
 5.23470825 0.32201025
 5.21735154 0.22113456
 5.21043467 0.18210357
 5.20294108 0.15545888
 5.19711595 0.14068398
 5.18168785 0.11235645
 5.16391855 0.09036904
 5.13908468 0.06844230
 5.11672098 0.05078805
 5.08546991 0.00000000
