 4.52086388 0.00000000
 4.50802220 0.14567278
 4.45244222 0.34957451
 4.39986569 0.46783060
 4.30792829 0.61153300
 4.21296790 0.71875260
 4.06733389 0.83652518
 3.92773684 0.91388020
 3.73228671 0.97973506
 3.55561797 1.00316953
 3.40169220 0.99797901
 3.23699728 0.96535344
 3.10072015 0.91520449
 2.98894093 0.85586994
 2.86086305 0.76193740
 2.78296766 0.68679708
 2.70573645 0.59273005
 2.64918589 0.50488742
 2.60200406 0.41074828
 2.56505000 0.31089173
 2.52686648 0.15629089
 2.50829233 0.00000000
