 3.59389707 0.00000000
 3.57873988 0.16220040
 3.51768377 0.37390531
 3.46635992 0.48306545
 3.37034234 0.62717226
 3.25941489 0.74489017
 3.15392963 0.82792735
 3.03953039 0.89558482
 2.91851652 0.94710590
 2.73306519 0.99269163
 2.58381859 1.00315460
 2.45151015 0.99371531
 2.33651028 0.97091379
 2.20102459 0.92501262
 2.05473245 0.84852497
 1.91057937 0.73750151
 1.79730954 0.61285361
 1.72830111 0.51016501
 1.66049503 0.37057330
 1.62159755 0.24818595
 1.59809914 0.12319937
 1.58758461 0.00000000
