 1.27764841 0.00000000
 1.25605782 0.20552776
 1.21895314 0.33695406
 1.16485461 0.46108042
 1.09517185 0.57574149
 0.96710190 0.72435561
 0.81761989 0.84182414
 0.65499701 0.92630492
 0.48682683 0.97818088
 0.31956728 0.99947908
 0.15831190 0.99325383
 0.00681115 0.96305753
-0.13236926 0.91253571
-0.25762391 0.84516001
-0.36807247 0.76407678
-0.46334566 0.67204340
-0.54340699 0.57142350
-0.60841115 0.46421917
-0.65859877 0.35212355
-0.69424505 0.23654286
-0.71548357 0.11895543
-0.72243485 0.00000000
