 1.88682874 0.00000000
 1.86781931 0.19015695
 1.81610085 0.36788959
 1.74541033 0.51188511
 1.65587184 0.63891373
 1.55161041 0.74709095
 1.44065298 0.83297973
 1.32485011 0.89955087
 1.20760822 0.94790982
 1.03928451 0.98929634
 0.88238789 1.00117189
 0.74428292 0.99110450
 0.61983105 0.96509693
 0.50933761 0.92751122
 0.37302151 0.85952370
 0.26370607 0.78379452
 0.17623803 0.70537564
 0.10634248 0.62699169
 0.02721859 0.51297773
-0.03600621 0.38763322
-0.07778921 0.26679384
-0.10189952 0.15384329
-0.11353437 0.00000000
