 5.15280949 0.00000000
 5.12920546 0.19696514
 5.09027700 0.33263783
 5.02915612 0.47118941
 4.94272056 0.60704844
 4.84614873 0.71701930
 4.72089234 0.82138958
 4.56864335 0.90999025
 4.44021579 0.95958967
 4.29500583 0.99299268
 4.13774993 1.00475563
 3.95679107 0.98722751
 3.81922751 0.95083735
 3.70652467 0.90440898
 3.61490356 0.85369755
 3.51274428 0.78069926
 3.42047529 0.69525314
 3.33022995 0.58528974
 3.26928060 0.48709597
 3.22174392 0.38494826
 3.18690580 0.27939264
 3.15668297 0.14914105
 3.13638043 0.00000000
