 6.70600424 0.00000000
 6.70147440 0.07979008
 6.67806633 0.21113201
 6.61870922 0.38826133
 6.55227396 0.51931998
 6.47012810 0.63609868
 6.37707194 0.73542444
 6.23578086 0.84563013
 6.11497409 0.91216668
 5.96166657 0.96901457
 5.78022137 1.00199526
 5.61756071 1.00319519
 5.47297527 0.98193141
 5.34705339 0.94488135
 5.20522937 0.88015750
 5.10204113 0.81428542
 5.01562140 0.74352476
 4.93702040 0.66448487
 4.84206398 0.53492415
 4.78357207 0.40925096
 4.75866655 0.32293262
 4.73871020 0.22535975
 4.72318475 0.16600093
 4.70384261 0.12353236
 4.68752305 0.09914806
 4.65634860 0.06153968
 4.62582003 0.00000000
