 7.20983343 0.00000000
 7.19422442 0.15059708
 7.16129808 0.28607417
 7.09944842 0.43994532
 7.00111852 0.60106548
 6.90509690 0.71252901
 6.79759776 0.80528363
 6.68401344 0.87901090
 6.57444158 0.93187162
 6.44611740 0.97434722
 6.30097682 1.00067413
 6.14349896 1.00504902
 5.97231120 0.98127881
 5.80234564 0.92629127
 5.67361869 0.86015242
 5.53412170 0.75781256
 5.42319865 0.64496724
 5.35433971 0.55016890
 5.29645517 0.43700367
 5.26039951 0.31669850
 5.24047330 0.19665998
 5.22903480 0.15194761
 5.21952934 0.13013279
 5.20323444 0.10415555
 5.18303031 0.08233720
 5.16279182 0.06581380
 5.12935652 0.03786190
 5.11493625 0.01638365
 5.11130556 0.00000000
