 6.64138318 0.00000000
 6.63311118 0.11012727
 6.56344544 0.36542673
 6.50380229 0.49136132
 6.43006811 0.60474247
 6.34544949 0.70314251
 6.21517026 0.81554692
 6.10196052 0.88629461
 5.95583284 0.95056013
 5.77926268 0.99428903
 5.61743537 1.00580099
 5.47072106 0.99374496
 5.34064835 0.96416342
 5.19165690 0.90647097
 5.08122437 0.84444214
 4.98795227 0.77549365
 4.87579438 0.66806932
 4.78217637 0.54276843
 4.72132330 0.41538274
 4.69785355 0.33754313
 4.67643317 0.23827606
 4.65565771 0.16032073
 4.64114389 0.12876871
 4.61779602 0.09330684
 4.58139050 0.04704229
 4.56322973 0.00000000
