 1.79590996 0.00000000
 1.78007711 0.17372062
 1.73649712 0.33805100
 1.67652043 0.47304968
 1.59945312 0.59490050
 1.50826867 0.70177585
 1.35567033 0.82899496
 1.19560875 0.91724549
 1.03563997 0.97163234
 0.88215473 0.99724354
 0.74339231 0.99973158
 0.61529270 0.98474196
 0.49905950 0.95618756
 0.35226355 0.89758676
 0.23176493 0.82710057
 0.13350598 0.75065281
 0.05376204 0.67178212
-0.03779037 0.55390029
-0.12170445 0.39946471
-0.17290449 0.25072078
-0.19890051 0.10738004
-0.20437114 0.00000000
