 7.05878965 0.00000000
 7.04769005 0.12555930
 7.02209330 0.24564588
 6.97460459 0.38281392
 6.89769368 0.53113676
 6.82187622 0.63768783
 6.73491384 0.73110174
 6.63951755 0.81047955
 6.49510886 0.89925350
 6.29582975 0.97410330
 6.14312002 1.00134320
 5.96871322 1.00340995
 5.78628572 0.97244571
 5.64126428 0.92179797
 5.52498101 0.86124184
 5.43173125 0.79740428
 5.33465833 0.71239946
 5.26209173 0.63218543
 5.17594460 0.50054209
 5.11982867 0.35782289
 5.09930465 0.26239939
 5.08246881 0.17173829
 5.05297440 0.10860861
 5.01080281 0.06497545
 4.98563522 0.04165565
 4.96662929 0.00455050
 4.96635553 0.00000000
