 6.57946871 0.00000000
 6.57241255 0.10183222
 6.50960206 0.34445297
 6.45574878 0.46555479
 6.38940893 0.57534899
 6.31243919 0.67226345
 6.19242545 0.78572473
 6.08664513 0.85961140
 5.94795863 0.92998430
 5.77719451 0.98323082
 5.61738426 1.00442064
 5.46975105 1.00137651
 5.33655042 0.97952528
 5.18140719 0.92948067
 5.06431629 0.87200160
 4.96422674 0.80557141
 4.86038298 0.71634879
 4.78503808 0.63412813
 4.69878187 0.50439422
 4.64412045 0.36963679
 4.62279676 0.28099115
 4.60383396 0.19370061
 4.58093297 0.13369596
 4.56024420 0.10006061
 4.52388234 0.05186716
 4.50319604 0.00000000
