 5.55739256 0.00000000
 5.50510902 0.29854435
 5.45737132 0.42145801
 5.39112195 0.54232282
 5.30605684 0.65636563
 5.20279505 0.76021357
 5.09373239 0.84227349
 4.98375051 0.90439227
 4.86019441 0.95459416
 4.73056295 0.98790538
 4.59743981 1.00363076
 4.44973377 1.00041555
 4.30120090 0.97483896
 4.15891266 0.92713754
 4.01483040 0.85240915
 3.91742245 0.78270912
 3.81571447 0.68761836
 3.70477295 0.54413799
 3.65254012 0.45043004
 3.61339862 0.35236255
 3.58558942 0.25084144
 3.55614601 0.12149866
 3.54178914 0.08079524
 3.52185401 0.04265919
 3.50713103 0.00000000
