 2.98479264 0.00000000
 2.96819390 0.17246206
 2.92768372 0.32589801
 2.87060179 0.46007581
 2.80497183 0.56976474
 2.72079301 0.67560536
 2.61760428 0.77369710
 2.46637295 0.87682934
 2.31733011 0.94428836
 2.17721291 0.98304263
 1.99322394 1.00243784
 1.83349811 0.99153693
 1.69784882 0.96148316
 1.54334067 0.90142003
 1.42719712 0.83464057
 1.33925725 0.76859502
 1.24591128 0.67914915
 1.15852575 0.56919170
 1.09811095 0.46893778
 1.05366315 0.37249048
 1.01181081 0.24164149
 0.98844581 0.10684281
 0.98279068 0.00000000
