 3.54293188 0.00000000
 3.52934608 0.15354307
 3.47352148 0.35663476
 3.42661276 0.46202941
 3.33850275 0.60254840
 3.23558799 0.71950393
 3.08315206 0.84114667
 2.91214041 0.93028498
 2.73157336 0.98414753
 2.58378381 1.00205718
 2.45087724 0.99931143
 2.33388927 0.98214210
 2.19423587 0.94229700
 2.04121261 0.87098297
 1.92994457 0.79681028
 1.84801241 0.72638697
 1.76605819 0.63760214
 1.69104602 0.53268855
 1.61675198 0.38825299
 1.57375050 0.26026676
 1.54820715 0.13050659
 1.53676334 0.00000000
