 4.97247880 0.00000000
 4.95633485 0.16170894
 4.90867479 0.33671074
 4.81925693 0.52373701
 4.74663903 0.62778782
 4.64874808 0.73350847
 4.52423033 0.83288141
 4.41455353 0.89727629
 4.28437975 0.95156469
 4.13594599 0.98947354
 3.95462142 1.00455794
 3.80850332 0.99248853
 3.68295295 0.96448698
 3.57666124 0.92680744
 3.45367949 0.86480710
 3.33793079 0.78457086
 3.22008597 0.67263967
 3.13764707 0.56650889
 3.07109146 0.45101454
 3.02169255 0.32866145
 2.98431018 0.18652734
 2.95734955 0.00000000
