 1.23758726 0.00000000
 1.21766669 0.19761856
 1.18329015 0.32449223
 1.13301781 0.44494343
 1.06795584 0.55707724
 0.94744672 0.70435401
 0.80528325 0.82334962
 0.64872432 0.91176322
 0.48470936 0.96923440
 0.31940076 0.99694474
 0.15792247 0.99715506
 0.00429139 0.97276697
-0.13851834 0.92695969
-0.26843277 0.86292276
-0.38410332 0.78368171
-0.48473087 0.69200131
-0.56990766 0.59034740
-0.63948371 0.48088950
-0.69345942 0.36553171
-0.73192976 0.24592222
-0.75492185 0.12373828
-0.76247337 0.00000000
