 7.25572086 0.00000000
 7.23847898 0.15890040
 7.20293667 0.29929592
 7.13592523 0.45844216
 7.03010825 0.62312559
 6.92723005 0.73540535
 6.81324752 0.82699995
 6.69418831 0.89802089
 6.58035894 0.94720564
 6.44852797 0.98454495
 6.30131213 1.00451288
 6.14375131 1.00169853
 5.97501619 0.97048723
 5.81002952 0.90917772
 5.68677976 0.83943426
 5.55458578 0.73503204
 5.45083640 0.62259225
 5.38772278 0.52998514
 5.33588770 0.42160025
 5.30430791 0.30820766
 5.28495151 0.18786275
 5.27830366 0.16094205
 5.26830104 0.13450596
 5.25409079 0.10982458
 5.23463308 0.08702350
 5.20903989 0.06589700
 5.17060760 0.03441912
 5.15560284 0.00524062
 5.15520171 0.00000000
