 5.05858069 0.00000000
 5.03917935 0.17784512
 5.00600250 0.30386993
 4.95413183 0.43342675
 4.88031595 0.56268022
 4.79684600 0.67011036
 4.68622653 0.77609047
 4.54845787 0.87147903
 4.42941092 0.92970667
 4.29125105 0.97477354
 4.13750390 1.00071452
 3.95489328 1.00021485
 3.81182126 0.97605385
 3.69168199 0.93860099
 3.59199831 0.89397144
 3.47878300 0.82578759
 3.37436246 0.74216614
 3.27019728 0.63035113
 3.19859809 0.52758178
 3.14173892 0.41827191
 3.09999790 0.30426526
 3.06646887 0.16832064
 3.04284887 0.00000000
