 2.65247850 0.00000000
 2.63407009 0.18346016
 2.59092331 0.34005686
 2.53320950 0.47082804
 2.44419554 0.60943861
 2.34623753 0.71943768
 2.24164094 0.80794307
 2.13491730 0.87644368
 1.98016659 0.94585742
 1.83037844 0.98562127
 1.68994399 1.00129937
 1.51263822 0.99268133
 1.36514184 0.96074153
 1.24419429 0.91609594
 1.10608938 0.84108030
 0.96642673 0.73155940
 0.85057753 0.60188702
 0.78917811 0.50958687
 0.72703348 0.38487575
 0.68917593 0.27612289
 0.66169093 0.14750431
 0.65103405 0.00000000
