 5.95599026 0.00000000
 5.93552494 0.17984536
 5.88479181 0.35195829
 5.82111738 0.48897533
 5.75511203 0.59270472
 5.62799793 0.73560562
 5.47934803 0.85062108
 5.31397865 0.93451635
 5.15759837 0.98233858
 5.01545094 1.00286644
 4.87133882 1.00265582
 4.73568620 0.98357458
 4.61045549 0.94846378
 4.48587277 0.89462400
 4.37358799 0.82697481
 4.27623095 0.74984504
 4.13344575 0.59230182
 4.05948386 0.46969497
 4.02043032 0.37006052
 3.98284691 0.21980119
 3.95395893 0.12739428
 3.93517911 0.08864918
 3.90614457 0.03469328
 3.89770295 0.00999152
 3.89725424 0.00223612
 3.89732747 0.00000000
