 3.04644228 0.00000000
 3.02759000 0.18385081
 2.98234880 0.34532576
 2.91860554 0.48555898
 2.84568153 0.59888139
 2.75314377 0.70632985
 2.64112933 0.80358656
 2.47955743 0.90204812
 2.32324147 0.96238601
 2.17895671 0.99319103
 1.99326157 1.00137252
 1.83543511 0.98084552
 1.70379445 0.94333353
 1.55649694 0.87621855
 1.44758044 0.80570565
 1.36609749 0.73810323
 1.28054294 0.64864567
 1.20131405 0.54088358
 1.12595995 0.39842192
 1.08527239 0.28573614
 1.05578230 0.15254615
 1.04433923 0.00000000
