 6.66830973 0.00000000
 6.65945762 0.11391397
 6.58659295 0.37482174
 6.52421647 0.50288510
 6.44706329 0.61773160
 6.35898351 0.71660044
 6.22414596 0.82823115
 6.10774343 0.89734195
 5.95854118 0.95864414
 5.77978358 0.99798569
 5.61744918 1.00521702
 5.47147893 0.98928894
 5.34303322 0.95651373
 5.19694294 0.89577101
 5.08950539 0.83202704
 4.99912336 0.76222877
 4.90902161 0.67520288
 4.81117543 0.54615878
 4.74761818 0.41384868
 4.72312911 0.33134411
 4.70237821 0.23290863
 4.67921468 0.15093508
 4.66153560 0.11690681
 4.63433838 0.08009495
 4.60025884 0.03510030
 4.58931304 0.00000000
