 7.23682404 0.00000000
 7.22027092 0.15544025
 7.18583036 0.29379592
 7.12099353 0.45076113
 7.01831789 0.61400192
 6.91830067 0.72599164
 6.80699531 0.81812266
 6.69018250 0.89031696
 6.57808154 0.94106822
 6.44764423 0.98056578
 6.30121577 1.00318016
 6.14360981 1.00332848
 5.97378648 0.97514661
 5.80669181 0.91637810
 5.68116769 0.84805549
 5.54597617 0.74443191
 5.43929097 0.63176851
 5.37383647 0.53821965
 5.31956311 0.42784702
 5.28619462 0.31162370
 5.26666792 0.19158358
 5.25683497 0.15356106
 5.24053817 0.11855459
 5.22691254 0.09940504
 5.20194484 0.07508726
 5.17257158 0.05287012
 5.14543054 0.02518785
 5.13820068 0.00866758
 5.13712916 0.00000000
