 3.67707860 0.00000000
 3.65900424 0.17724977
 3.58835021 0.40350787
 3.52893766 0.51882357
 3.41886690 0.66807841
 3.29419126 0.78582726
 3.17786127 0.86549350
 3.05409914 0.92709904
 2.92572360 0.97038812
 2.73402507 1.00133254
 2.58403520 0.99940624
 2.45412414 0.97933975
 2.34349125 0.94794809
 2.21582292 0.89329738
 2.08107029 0.80993695
 1.95140388 0.69604821
 1.85154673 0.57337835
 1.79152306 0.47479543
 1.73328823 0.34327072
 1.70027487 0.22961045
 1.67966408 0.11179494
 1.67051346 0.00000000
