 3.01963593 0.00000000
 3.00179585 0.17881955
 2.95867504 0.33676372
 2.89791571 0.47435640
 2.82823885 0.58613392
 2.73939660 0.69295536
 2.63125372 0.79067746
 2.47416251 0.89131966
 2.32093090 0.95487560
 2.17834842 0.98921079
 1.99322794 1.00230070
 1.83443243 0.98592330
 1.70094709 0.95158148
 1.55043618 0.88741237
 1.43835824 0.81841442
 1.35408001 0.75140495
 1.26517831 0.66186901
 1.18247347 0.55309143
 1.10349512 0.40824601
 1.06070360 0.29308265
 1.02962522 0.15655841
 1.01758015 0.00000000
