 6.99140842 0.00000000
 6.98194933 0.11546778
 6.94325641 0.28475246
 6.84804564 0.50149462
 6.74137527 0.65353000
 6.61414162 0.77787128
 6.47979943 0.87108471
 6.29043206 0.95588497
 6.14190372 0.99249749
 5.96857379 1.00619796
 5.78288500 0.98715773
 5.63191174 0.94506240
 5.50864898 0.89008075
 5.40843745 0.82941829
 5.30294101 0.74601920
 5.20859631 0.64887303
 5.14332819 0.56066064
 5.07320516 0.42099512
 5.03383040 0.27324056
 5.01870411 0.18834959
 5.00163577 0.13800088
 4.97696223 0.09876021
 4.95412651 0.07502065
 4.92482125 0.04696050
 4.90488915 0.01707154
 4.90157414 0.00231983
 4.90151428 0.00000000
