 1.42984434 0.00000000
 1.42234894 0.12035277
 1.40067812 0.23839877
 1.35118881 0.38814054
 1.28004105 0.52619871
 1.19038547 0.64921867
 1.08743137 0.75347782
 0.97396573 0.83924064
 0.85351263 0.90613833
 0.66999420 0.97119953
 0.48995553 0.99873420
 0.32001889 0.99456671
 0.16417138 0.96472577
 0.02440584 0.91482305
-0.09867072 0.84965344
-0.20532772 0.77312746
-0.29631552 0.68831363
-0.37260089 0.59755716
-0.43519049 0.50261319
-0.48502069 0.40477835
-0.52291217 0.30498499
-0.55868548 0.15338399
-0.57026788 0.00000000
