 2.99283290 0.00000000
 2.97595494 0.17391104
 2.93485647 0.32837914
 2.87694569 0.46334274
 2.81039923 0.57352098
 2.72515859 0.67960377
 2.62083515 0.77763309
 2.46824942 0.88022484
 2.31822341 0.94681170
 2.17751290 0.98456420
 1.99322471 1.00251358
 1.83368008 0.99034212
 1.69850580 0.95928296
 1.54490063 0.89824505
 1.42968974 0.83092845
 1.34259702 0.76464063
 1.25028532 0.67515397
 1.16399662 0.56545417
 1.10440544 0.46563571
 1.06059865 0.36973728
 1.01938912 0.23979296
 0.99639040 0.10600892
 0.99081960 0.00000000
