 1.97242807 0.00000000
 1.94986892 0.20697173
 1.88916965 0.39797686
 1.80689304 0.55027578
 1.70429450 0.68124056
 1.58686284 0.78912867
 1.46429672 0.87116190
 1.33890510 0.93116717
 1.21455213 0.97116875
 1.04042693 0.99888006
 0.88261099 0.99735299
 0.74716362 0.97582396
 0.62777960 0.94036010
 0.52384789 0.89548665
 0.39824734 0.82059151
 0.29953352 0.74166409
 0.19013129 0.62500308
 0.09183016 0.47628346
 0.03762507 0.35811407
 0.00212890 0.24572520
-0.01822253 0.14155435
-0.02803043 0.00000000
