 5.12049575 0.00000000
 5.09841388 0.19023214
 5.06156180 0.32254353
 5.00378630 0.45798266
 4.92187225 0.59164912
 4.82993279 0.70090605
 4.70976181 0.80607070
 4.56244503 0.89729762
 4.43709946 0.95006975
 4.29408463 0.98763912
 4.13774209 1.00436146
 3.95585929 0.99262256
 3.81616913 0.96028175
 3.70076151 0.91675375
 3.60630384 0.86794358
 3.50033457 0.79637321
 3.40394737 0.71134567
 3.30906459 0.60056758
 3.24460340 0.50071542
 3.19401841 0.39608131
 3.15697621 0.28772074
 3.12571673 0.15563969
 3.10431048 0.00000000
