 1.87078203 0.00000000
 1.85237486 0.18715236
 1.80219191 0.36246601
 1.73350734 0.50488061
 1.64627493 0.63106087
 1.54439465 0.73911972
 1.43560018 0.82553609
 1.32165241 0.89314829
 1.20586125 0.94291703
 1.03885945 0.98672350
 0.88238698 1.00107593
 0.74400090 0.99320979
 0.61876780 0.96908384
 0.50715993 0.93300116
 0.36891259 0.86651864
 0.25760826 0.79157254
 0.16826272 0.71338558
 0.09668167 0.63483036
 0.01546187 0.52006049
-0.04959351 0.39338807
-0.09266493 0.27092890
-0.11755130 0.15626448
-0.12956526 0.00000000
