 5.79972916 0.00000000
 5.78525260 0.15043447
 5.71881624 0.37655855
 5.64670899 0.52100688
 5.54688876 0.65782269
 5.42536243 0.77669181
 5.28445451 0.87375776
 5.14449057 0.93963339
 5.01169373 0.98002197
 4.87102308 1.00177611
 4.73275703 1.00364747
 4.59967279 0.98747865
 4.46160322 0.95077869
 4.33219372 0.89554742
 4.21589853 0.82555621
 4.11527312 0.74503970
 4.02173322 0.64770308
 3.93915251 0.53361640
 3.87612646 0.40958052
 3.84412578 0.30956250
 3.82412014 0.21549925
 3.80440843 0.14166676
 3.76346817 0.05399677
 3.74472470 0.00406936
 3.74455880 0.00064461
 3.74455630 0.00000000
