 5.02090538 0.00000000
 5.00299393 0.17062863
 4.95119441 0.35250010
 4.85404627 0.54543677
 4.77546078 0.65149497
 4.67049882 0.75754907
 4.53854959 0.85493002
 4.42353491 0.91606178
 4.28870829 0.96534642
 4.13705469 0.99666260
 3.95467947 1.00301763
 3.81002734 0.98406252
 3.68733962 0.95061304
 3.58465397 0.90886681
 3.46710433 0.84317477
 3.35773625 0.76082183
 3.24768655 0.64875185
 3.17147592 0.54440140
 3.11051479 0.43232987
 3.06559037 0.31473339
 3.03048152 0.17619937
 3.00544118 0.00000000
