 7.22872626 0.00000000
 7.21246122 0.15397503
 7.17848218 0.29146277
 7.11455607 0.44749695
 7.01320157 0.61010860
 6.91439453 0.72195390
 6.80423360 0.81428945
 6.68838723 0.88696120
 6.57703804 0.93836124
 6.44721992 0.97876550
 6.30115790 1.00250243
 6.14356661 1.00391999
 5.97331018 0.97705174
 5.80533641 0.91939916
 5.67884524 0.85171265
 5.54236463 0.74845276
 5.43441344 0.63571763
 5.36794490 0.54178187
 5.31260405 0.43056538
 5.27844578 0.31312171
 5.25881809 0.19313470
 5.24924063 0.15521614
 5.23441119 0.12213696
 5.22188521 0.10340795
 5.19854689 0.07911469
 5.16961550 0.05674669
 5.14014088 0.02884883
 5.13096845 0.01061679
 5.12938300 0.00000000
