 1.25895251 0.00000000
 1.23815753 0.20179965
 1.20235081 0.33108735
 1.15006975 0.45349652
 1.08257568 0.56699092
 0.95807103 0.71502399
 0.81201544 0.83326613
 0.65220243 0.91964427
 0.48592519 0.97417920
 0.31951459 0.99849361
 0.15809130 0.99526896
 0.00554138 0.96775738
-0.13537136 0.91939408
-0.26281964 0.85352774
-0.37570521 0.77325654
-0.47346159 0.68134780
-0.55588403 0.58021708
-0.62299068 0.47194652
-0.67491545 0.35832757
-0.71185420 0.24087738
-0.73389442 0.12116330
-0.74111973 0.00000000
