 5.69474119 0.00000000
 5.68339749 0.13297410
 5.62763143 0.34109491
 5.56741764 0.47600443
 5.48347711 0.60657347
 5.37873565 0.72466899
 5.25458655 0.82651903
 5.12757527 0.90119264
 5.00376674 0.95250512
 4.86902599 0.98780618
 4.73266287 1.00385138
 4.59768218 1.00147862
 4.45349124 0.97863884
 4.31429319 0.93488255
 4.18588763 0.87285836
 4.06064548 0.78792265
 3.97876710 0.71472795
 3.89496555 0.62003979
 3.81736717 0.50426163
 3.76867237 0.40300287
 3.73198744 0.28304907
 3.69924798 0.14081824
 3.67702297 0.08113578
 3.64831179 0.02488713
 3.64228542 0.00760550
 3.64170702 0.00000000
