 6.15020303 0.00000000
 6.11945602 0.22257059
 6.04942792 0.42121131
 5.96101885 0.57550768
 5.87040939 0.68751011
 5.70437209 0.82984387
 5.58381128 0.90091738
 5.45778779 0.95294022
 5.32999406 0.98681860
 5.16099791 1.00533055
 5.01616590 0.99809599
 4.87718039 0.97118897
 4.75309573 0.92910673
 4.64413886 0.87573424
 4.54050828 0.80800640
 4.45074800 0.73256975
 4.36496384 0.64181193
 4.27505803 0.51183764
 4.21951249 0.38395439
 4.19742392 0.30179054
 4.17186428 0.19388230
 4.13307758 0.10178890
 4.09940439 0.04413303
 4.08916950 0.01850789
 4.08684890 0.00589527
 4.08663949 0.00000000
