 2.96067359 0.00000000
 2.94488739 0.16817942
 2.90609282 0.31854840
 2.85142814 0.45037861
 2.78848545 0.55857601
 2.70743966 0.66363623
 2.60762201 0.76183582
 2.46045624 0.86646870
 2.31441672 0.93644013
 2.17616340 0.97813136
 1.99320701 1.00182449
 1.83305946 0.99475359
 1.69607615 0.96776915
 1.53893437 0.91072627
 1.42001742 0.84564930
 1.32953132 0.78040365
 1.23305289 0.69115480
 1.14232058 0.58048203
 1.07937812 0.47894510
 1.03295738 0.38085441
 0.98912068 0.24727071
 0.96462117 0.10938264
 0.95870468 0.00000000
