 5.82396700 0.00000000
 5.80867311 0.15472137
 5.73949721 0.38512110
 5.66432167 0.53177812
 5.56054878 0.66982488
 5.43495919 0.78852149
 5.29016920 0.88403259
 5.14739319 0.94748764
 5.01279285 0.98505109
 4.87114672 1.00349065
 4.73286183 1.00206022
 4.60061596 0.98279017
 4.46433384 0.94312288
 4.33742074 0.88559351
 4.22403708 0.81413017
 4.12643722 0.73298449
 4.03604750 0.63580770
 3.97020837 0.54529931
 3.89871366 0.40386718
 3.85691983 0.25773664
 3.83452247 0.15913512
 3.81270448 0.10286688
 3.78231324 0.04410730
 3.76834570 0.00249094
 3.76828455 0.00044606
 3.76828340 0.00000000
