 4.86222668 0.00000000
 4.84955264 0.14283732
 4.81016000 0.30278918
 4.73614383 0.47642842
 4.67577491 0.57512814
 4.59300483 0.67852240
 4.48494993 0.78024820
 4.38772089 0.85013239
 4.26935619 0.91391750
 4.13020339 0.96526106
 3.95426105 0.99935929
 3.80730274 1.00339660
 3.67717567 0.98881349
 3.56402029 0.96174559
 3.42959815 0.91019368
 3.29953852 0.83693081
 3.16314476 0.72752836
 3.05489849 0.60473467
 2.99278612 0.51052727
 2.92332027 0.36245101
 2.87964073 0.21101741
 2.84782351 0.00000000
