 6.84864807 0.00000000
 6.84201885 0.09623159
 6.81179769 0.24601890
 6.73676782 0.44231042
 6.65239083 0.58450648
 6.54921724 0.70692836
 6.43612440 0.80553852
 6.27017224 0.90641232
 6.13389617 0.96020618
 5.96776217 0.99724070
 5.78050575 1.00453546
 5.62067099 0.98312703
 5.48466051 0.94319154
 5.37043071 0.89231480
 5.24641248 0.81569528
 5.15896065 0.74454849
 5.07840449 0.66325192
 4.98341663 0.53273625
 4.92194232 0.39748411
 4.89604942 0.29851461
 4.87192438 0.17952892
 4.85809169 0.14120157
 4.84703977 0.12038526
 4.81862596 0.08343368
 4.77413587 0.03254237
 4.76579445 0.01377469
 4.76380193 0.00000000
