 1.32304130 0.00000000
 1.31703915 0.10807233
 1.29940981 0.21485894
 1.25896427 0.35157774
 1.20020895 0.47988340
 1.12497447 0.59726899
 1.03693335 0.70024508
 0.93782475 0.78880483
 0.83012331 0.86208441
 0.66085724 0.94150710
 0.48845382 0.98659496
 0.31959480 1.00042564
 0.15920930 0.98696519
 0.01063961 0.95046224
-0.12407765 0.89501455
-0.24389199 0.82432843
-0.34844220 0.74161028
-0.43781026 0.64955051
-0.51233134 0.55036049
-0.57245240 0.44583796
-0.61863704 0.33744025
-0.65132131 0.22631979
-0.67072793 0.11376471
-0.67705557 0.00000000
