 1.99918382 0.00000000
 1.97538927 0.21250783
 1.93722414 0.34421745
 1.88594512 0.46107547
 1.82537347 0.56261024
 1.71843480 0.69457060
 1.59674528 0.80202181
 1.47055975 0.88247429
 1.34231605 0.94007822
 1.21599175 0.97719556
 1.04051665 1.00041021
 0.88288321 0.99467822
 0.74865034 0.96970486
 0.63113395 0.93151236
 0.52943494 0.88462650
 0.40728580 0.80795766
 0.31184827 0.72835345
 0.20664914 0.61202998
 0.11263986 0.46520151
 0.06100964 0.34929127
 0.01631595 0.18895213
-0.00130830 0.00000000
