 4.70094974 0.00000000
 4.68190960 0.17787739
 4.60632080 0.41278952
 4.53439876 0.54569739
 4.41122207 0.70021477
 4.28911963 0.80727145
 4.11034331 0.91278718
 3.94866320 0.97083685
 3.80675493 0.99775942
 3.67536322 1.00412941
 3.55646473 0.99502698
 3.40911666 0.96338057
 3.26003585 0.90590196
 3.14275683 0.83955987
 3.05068384 0.77089068
 2.95950281 0.68362561
 2.87868554 0.58348737
 2.81069240 0.47175658
 2.76264891 0.36315717
 2.72726971 0.24802429
 2.70095201 0.12376118
 2.68741935 0.00000000
