 5.62478618 0.00000000
 5.61520114 0.12230311
 5.56559178 0.31887791
 5.51213339 0.44757919
 5.43764545 0.57335445
 5.34327007 0.68975376
 5.22998414 0.79316807
 5.11205944 0.87217862
 4.99507721 0.92950328
 4.86563144 0.97285888
 4.73213514 0.99797322
 4.59748892 1.00489572
 4.45083978 0.99193912
 4.30630866 0.95707176
 4.17047448 0.90180559
 4.03546187 0.82144016
 3.94575191 0.74957084
 3.85307191 0.65425848
 3.76571388 0.53486847
 3.70693743 0.42150453
 3.67085766 0.31964044
 3.63333419 0.15791190
 3.61617601 0.09872809
 3.59513518 0.05421184
 3.57964639 0.02616612
 3.57311050 0.00000000
