 3.78975721 0.00000000
 3.77912611 0.13406541
 3.74497819 0.28425513
 3.68091819 0.44648827
 3.60863277 0.56991917
 3.47730194 0.72424402
 3.33296702 0.83921329
 3.20212488 0.91164196
 3.06680466 0.96251795
 2.93042597 0.99259781
 2.73414983 1.00216090
 2.58640645 0.98364430
 2.46234406 0.95026341
 2.35950735 0.90878843
 2.24388306 0.84474152
 2.12524287 0.75510094
 2.01432566 0.64028906
 1.93085797 0.52213004
 1.88144648 0.42974948
 1.83443070 0.30937965
 1.80768796 0.20597226
 1.78284596 0.00000000
