 5.46017406 0.00000000
 5.41672596 0.27104841
 5.37611311 0.38591130
 5.32029157 0.49945080
 5.24748473 0.60909614
 5.15772385 0.71200992
 5.06129517 0.79665119
 4.96185820 0.86399234
 4.84778617 0.92236918
 4.72535060 0.96623580
 4.59640379 0.99404966
 4.44945692 1.00486991
 4.29737024 0.99353411
 4.14737617 0.95838705
 3.99115878 0.89393297
 3.88275930 0.82902422
 3.76721970 0.73591403
 3.63850892 0.58902195
 3.57237141 0.48284643
 3.51250353 0.33963260
 3.46714752 0.15856714
 3.45755205 0.11456356
 3.44204223 0.07363666
 3.42356616 0.03797399
 3.41205960 0.00000000
