 6.01800064 0.00000000
 5.99463485 0.19271590
 5.93839346 0.37308620
 5.86769277 0.51565157
 5.79445678 0.62245897
 5.65542506 0.76631895
 5.55115774 0.84423705
 5.43898685 0.90709029
 5.32124614 0.95439817
 5.15973968 0.99357176
 5.01557443 1.00538866
 4.87199655 0.99638903
 4.73911105 0.96944680
 4.61844330 0.92774168
 4.50022330 0.86854207
 4.39517651 0.79752252
 4.30507707 0.71900168
 4.21448520 0.61803085
 4.15195720 0.52760262
 4.10406047 0.43001694
 4.07073725 0.32667702
 4.03183933 0.17099177
 4.00159336 0.09877116
 3.96595044 0.03588982
 3.95930150 0.01560809
 3.95783905 0.00000000
