 4.77891155 0.00000000
 4.76841505 0.12983330
 4.73434580 0.27893982
 4.67015420 0.44271052
 4.58790431 0.58175395
 4.44920275 0.73909580
 4.36130551 0.81145417
 4.25257790 0.88058074
 4.12190676 0.94041535
 3.95250288 0.98758231
 3.80725375 1.00370505
 3.67563456 0.99987156
 3.55880976 0.98182084
 3.41701143 0.93994419
 3.27671479 0.87400804
 3.16856818 0.80295875
 3.08511693 0.73229294
 3.00355761 0.64511350
 2.93220994 0.54748219
 2.87306824 0.44079042
 2.83172615 0.33861947
 2.80077468 0.22993462
 2.77663217 0.11056781
 2.76497057 0.00000000
