 5.53578175 0.00000000
 5.48559080 0.29225460
 5.43954561 0.41334804
 5.37575725 0.53260266
 5.29353417 0.64576143
 5.19337394 0.74954974
 5.08714465 0.83236209
 4.97946936 0.89581132
 4.85793253 0.94800462
 4.72974644 0.98380070
 4.59735405 1.00228623
 4.44958452 1.00220437
 4.30002853 0.97972202
 4.15585062 0.93465013
 4.00896121 0.86198608
 3.90909210 0.79317664
 3.80436896 0.69834266
 3.68962541 0.55393919
 3.63515400 0.45884172
 3.59410480 0.35881724
 3.56514059 0.25553321
 3.53601271 0.12698113
 3.52380770 0.08813647
 3.50556481 0.05179882
 3.48601205 0.00000000
