 2.97943262 0.00000000
 2.96301768 0.17150205
 2.92289508 0.32425263
 2.86635925 0.45790743
 2.80133451 0.56726789
 2.71785874 0.67294198
 2.61542349 0.77106790
 2.46509546 0.87454920
 2.31671322 0.94258006
 2.17699945 0.98199595
 1.99322252 1.00235157
 1.83338714 0.99229958
 1.69742952 0.96292110
 1.54232618 0.90351678
 1.42556300 0.83710383
 1.33705785 0.77122651
 1.24301955 0.68181467
 1.15489757 0.57169069
 1.09392844 0.47114855
 1.04904871 0.37433559
 1.00676271 0.24288155
 0.98315025 0.10740225
 0.97743814 0.00000000
