 7.26382035 0.00000000
 7.24627603 0.16040115
 7.21025066 0.30167723
 7.14228564 0.46176163
 7.03509703 0.62705182
 6.93097714 0.73943510
 6.81584489 0.83077410
 6.69582719 0.90126654
 6.58126892 0.94975751
 6.44886322 0.98615417
 6.30133931 1.00497697
 6.14383188 1.00089349
 5.97559581 0.96840004
 5.81153600 0.90602893
 5.68926775 0.83570366
 5.55835345 0.73099723
 5.45585447 0.61867710
 5.39373275 0.52648978
 5.34292091 0.41896515
 5.31208315 0.30677367
 5.29277657 0.18623496
 5.28580535 0.15866048
 5.27500665 0.13131973
 5.25927802 0.10561754
 5.23851657 0.08293178
 5.21182976 0.06204266
 5.17693447 0.03271909
 5.16320368 0.00418621
 5.16294583 0.00000000
