 6.31497624 0.00000000
 6.27227572 0.26462484
 6.21646963 0.41517727
 6.14514576 0.54579509
 6.06401001 0.65470174
 5.98894318 0.73325100
 5.88462488 0.81874115
 5.74692080 0.90138857
 5.60736949 0.95797221
 5.46788024 0.99162981
 5.33248103 1.00527031
 5.16191115 0.99587015
 5.02298896 0.96616348
 4.89551307 0.91996195
 4.78659533 0.86334061
 4.69433015 0.80044769
 4.60890247 0.72730783
 4.52639390 0.63928422
 4.46289733 0.55269274
 4.41226999 0.45838711
 4.37626769 0.35725747
 4.33786539 0.19638797
 4.31340147 0.13151869
 4.27830780 0.07176081
 4.24727204 0.00756278
 4.24675513 0.00000000
