 2.31235941 0.00000000
 2.29211424 0.19428120
 2.24918671 0.34599037
 2.20045624 0.45766625
 2.11101283 0.60068194
 2.01087175 0.71513516
 1.90331516 0.80682272
 1.78936283 0.87942248
 1.67253273 0.93372613
 1.50905938 0.98175592
 1.35712977 1.00057739
 1.21986039 0.99761152
 1.04684150 0.96632646
 0.90662367 0.91641985
 0.79704664 0.85964344
 0.67054404 0.76973227
 0.56712780 0.66986932
 0.48738087 0.56855849
 0.42806947 0.47076414
 0.35835254 0.30500217
 0.32087831 0.13944764
 0.31141363 0.00000000
