 7.10192895 0.00000000
 7.08966578 0.13236219
 7.06215739 0.25672587
 7.01094907 0.39854283
 6.92840114 0.55064202
 6.84720128 0.65888327
 6.75454954 0.75256393
 6.65396993 0.83081289
 6.55499213 0.89059231
 6.43634447 0.94359842
 6.29814202 0.98378537
 6.14339364 1.00470654
 5.96911663 0.99928331
 5.78956408 0.96101865
 5.64883485 0.90540202
 5.53722626 0.84181216
 5.44839947 0.77641203
 5.36183174 0.69647197
 5.28772519 0.60958220
 5.22329908 0.50876850
 5.17370832 0.39410241
 5.14137366 0.25588830
 5.13117486 0.19231243
 5.11980373 0.15256023
 5.10232593 0.11696162
 5.08433159 0.09318415
 5.06252323 0.07250895
 5.02817851 0.04174706
 5.00779674 0.00000000
