 2.68194529 0.00000000
 2.66239607 0.18905943
 2.61688460 0.34953863
 2.55602216 0.48309863
 2.46249307 0.62370382
 2.36021459 0.73412581
 2.25166085 0.82187704
 2.14155436 0.88873349
 1.98315151 0.95473349
 1.83120974 0.99048616
 1.68996738 1.00208799
 1.51330416 0.98831191
 1.36774004 0.95239874
 1.24932212 0.90494253
 1.11511986 0.82751941
 0.98049906 0.71687284
 0.86965875 0.58785004
 0.81120331 0.49682996
 0.75224823 0.37457847
 0.71645697 0.26848087
 0.69052257 0.14335660
 0.68045593 0.00000000
