 4.95365014 0.00000000
 4.93815118 0.15834685
 4.89201230 0.33072070
 4.80543485 0.51544740
 4.73504097 0.61865327
 4.63983272 0.72412300
 4.51817887 0.82410531
 4.41061037 0.88962647
 4.28234524 0.94572724
 4.13531394 0.98609288
 3.95462081 1.00452583
 3.80811023 0.99517840
 3.68158096 0.96937748
 3.57397534 0.93338334
 3.44893687 0.87296740
 3.33071138 0.79370695
 3.20977372 0.68198173
 3.12482192 0.57524376
 3.05599214 0.45846467
 3.00473261 0.33422588
 2.96638752 0.19060866
 2.93864844 0.00000000
