 3.33618078 0.00000000
 3.30243829 0.24669559
 3.25654993 0.38377901
 3.19506865 0.50792541
 3.12085806 0.61739036
 3.00552309 0.74172036
 2.86822719 0.84660214
 2.71347442 0.92703028
 2.57853023 0.97193259
 2.45009474 0.99584021
 2.33106074 1.00285130
 2.18095640 0.99150062
 2.00547712 0.94820130
 1.87000896 0.88981808
 1.76548953 0.82688361
 1.65682169 0.74008637
 1.55359588 0.62957095
 1.47316842 0.51313961
 1.42457298 0.42020949
 1.38350389 0.31521131
 1.34699965 0.16302360
 1.33084698 0.00000000
