 6.16370050 0.00000000
 6.13209705 0.22581097
 6.06048444 0.42636602
 5.97004409 0.58182646
 5.87751838 0.69422449
 5.70862533 0.83609311
 5.58642018 0.90623151
 5.45910696 0.95693899
 5.33046647 0.98928879
 5.16100223 1.00556312
 5.01638268 0.99640052
 4.87811455 0.96776473
 4.75512364 0.92429276
 4.64747381 0.86992885
 4.54537478 0.80154831
 4.45710273 0.72585280
 4.37749086 0.64081269
 4.28364927 0.50294683
 4.23273413 0.38307986
 4.21020181 0.29890858
 4.19413619 0.22623574
 4.17306026 0.15772421
 4.14324260 0.09593252
 4.10516456 0.02728518
 4.09991371 0.00492248
 4.09977333 0.00000000
