 6.32578925 0.00000000
 6.28218025 0.26757928
 6.22537922 0.41925026
 6.15272727 0.55070810
 6.07019090 0.66002310
 5.99395091 0.73861918
 5.88822195 0.82381629
 5.74901605 0.90564580
 5.60833777 0.96105000
 5.46816248 0.99334595
 5.33248923 1.00556109
 5.16213537 0.99433187
 5.02383702 0.96325988
 4.89730531 0.91595016
 4.78949133 0.85857024
 4.69834297 0.79524667
 4.61405012 0.72192811
 4.53279071 0.63399536
 4.47056449 0.54784909
 4.42121589 0.45443812
 4.38623416 0.35455761
 4.35569526 0.22160481
 4.32991987 0.14427065
 4.29833770 0.08772389
 4.25762733 0.00632204
 4.25725473 0.00000000
