 5.95329477 0.00000000
 5.93294824 0.17930171
 5.88244225 0.35106026
 5.81905609 0.48783727
 5.75335129 0.59142608
 5.62674284 0.73426400
 5.47857526 0.84940501
 5.31360951 0.93359127
 5.15747267 0.98177190
 5.01543653 1.00267054
 4.87132564 1.00284423
 4.73557421 0.98411283
 4.61016182 0.94930289
 4.48531297 0.89571551
 4.37271580 0.82823289
 4.27503999 0.75118068
 4.13168977 0.59358071
 4.05731476 0.47074370
 4.01799060 0.37081763
 3.98029386 0.22042677
 3.95164991 0.12836281
 3.93308421 0.08977610
 3.90049476 0.02753823
 3.89513255 0.01039536
 3.89462578 0.00214172
 3.89469569 0.00000000
