 5.86975862 0.00000000
 5.85281431 0.16309167
 5.77814856 0.40169201
 5.69682680 0.55249484
 5.58529901 0.69260381
 5.45186879 0.81056995
 5.29979718 0.90265982
 5.15194690 0.96115196
 5.01426947 0.99309907
 4.87121529 1.00514994
 4.73332466 0.99750776
 4.60305667 0.97251672
 4.47048542 0.92753379
 4.34847446 0.86603480
 4.24064869 0.79216312
 4.14864917 0.71015211
 4.06914293 0.62041760
 4.00379894 0.52562460
 3.95614078 0.43171044
 3.92062573 0.32750833
 3.88692634 0.18421781
 3.86277375 0.11106951
 3.84924769 0.08431509
 3.82040083 0.03072361
 3.81308045 0.00023097
 3.81308112 0.00000000
