 4.92137741 0.00000000
 4.90693207 0.15271923
 4.86329214 0.32064443
 4.78137666 0.50143740
 4.71466829 0.60312253
 4.62396532 0.70801528
 4.50717563 0.80883704
 4.40324683 0.87610532
 4.27836679 0.93513276
 4.13392231 0.97955941
 3.95459371 1.00364813
 3.80764710 0.99900564
 3.67962415 0.97707171
 3.56989501 0.94409368
 3.44141896 0.88658720
 3.31897297 0.80920262
 3.19264456 0.69803809
 3.09380131 0.57677693
 3.03769278 0.48536716
 2.97580567 0.34395092
 2.93571132 0.19769928
 2.90659085 0.00000000
