 2.36858382 0.00000000
 2.34590927 0.20554824
 2.29833905 0.36451067
 2.24435359 0.48082957
 2.14606596 0.62786062
 2.03735303 0.74314020
 1.92190811 0.83322251
 1.80114587 0.90226205
 1.67898894 0.95160711
 1.51075119 0.99130621
 1.35716714 1.00170282
 1.22064071 0.99109967
 1.05153288 0.95082179
 0.91683735 0.89478615
 0.81302004 0.83433690
 0.69472918 0.74195777
 0.59920477 0.64210879
 0.52626084 0.54267160
 0.47242856 0.44791990
 0.40958409 0.28915344
 0.37602996 0.13204924
 0.36755864 0.00000000
