 5.65976036 0.00000000
 5.64932642 0.12754428
 5.59672593 0.32984829
 5.54000043 0.46163119
 5.46089926 0.58985315
 5.36142714 0.70720553
 5.24275630 0.80998901
 5.12025987 0.88698245
 4.99979632 0.94143139
 4.86758460 0.98087166
 4.73250082 1.00150786
 4.59752683 1.00378882
 4.45193654 0.98584515
 4.30993412 0.94642232
 4.17773588 0.88763261
 4.04757801 0.80481894
 3.96181878 0.73217434
 3.87363084 0.63706929
 3.79128596 0.51942985
 3.73870993 0.41507271
 3.69899174 0.29100260
 3.66651413 0.14979507
 3.64830651 0.09257948
 3.62123319 0.03913747
 3.60985075 0.01536193
 3.60741112 0.00000000
