 2.26953077 0.00000000
 2.25096998 0.18607838
 2.21127615 0.33242421
 2.16622158 0.44058709
 2.08309293 0.58032460
 1.98919593 0.69376388
 1.88752515 0.78619635
 1.77883343 0.86100963
 1.66629528 0.91864520
 1.50697582 0.97256799
 1.35691749 0.99762068
 1.21965756 1.00050463
 1.04431710 0.97638896
 0.90027800 0.93160903
 0.78648269 0.87807515
 0.65372001 0.79060911
 0.54409211 0.69117538
 0.45887950 0.58871217
 0.39509644 0.48872574
 0.31969518 0.31760367
 0.27894108 0.14536366
 0.26863989 0.00000000
