 6.20960300 0.00000000
 6.17493000 0.23710380
 6.12792097 0.37699405
 6.06837437 0.49930744
 5.99998011 0.60356801
 5.90075638 0.71708463
 5.72205451 0.85689745
 5.59434097 0.92351722
 5.46286674 0.96948245
 5.33162857 0.99644209
 5.16101701 1.00499753
 5.01749653 0.98936548
 4.88198686 0.95502864
 4.76294203 0.90708263
 4.65984365 0.84963122
 4.56294762 0.77932381
 4.47962528 0.70297877
 4.37661066 0.58007945
 4.30314184 0.44869773
 4.27171847 0.35978960
 4.24596741 0.25237268
 4.22236969 0.16569092
 4.20182743 0.11878026
 4.17647222 0.07543192
 4.14905507 0.02572937
 4.14441170 0.00000000
