 3.73611280 0.00000000
 3.72667689 0.12631751
 3.69565945 0.26965900
 3.63733235 0.42560532
 3.57146248 0.54522902
 3.45056585 0.69745660
 3.31570928 0.81418843
 3.19171075 0.89045980
 3.06168775 0.94680268
 2.92879619 0.98344145
 2.73411119 1.00334255
 2.58483781 0.99264410
 2.45764004 0.96540933
 2.35085354 0.92848691
 2.22933275 0.86855083
 2.10299776 0.78147846
 1.98331318 0.66671592
 1.89230251 0.54618215
 1.83806252 0.45078456
 1.78590657 0.32503621
 1.75651392 0.21722802
 1.72937380 0.00000000
