 5.15819581 0.00000000
 5.13432936 0.19810573
 5.09504359 0.33434411
 5.03334666 0.47341666
 4.94613746 0.60963232
 4.84877994 0.71970467
 4.72267050 0.82391669
 4.56960518 0.91204870
 4.44067969 0.96109838
 4.29512788 0.99379147
 4.13775016 1.00472011
 3.95698081 0.98623549
 3.81979496 0.94918585
 3.66131298 0.87798547
 3.51489036 0.77806956
 3.42330102 0.69257362
 3.33381444 0.58276273
 3.27343646 0.48485344
 3.22639304 0.38312219
 3.19190651 0.27802392
 3.16184727 0.14806522
 3.14172562 0.00000000
