 1.26429407 0.00000000
 1.24327472 0.20285814
 1.20710166 0.33275438
 1.15430709 0.45565386
 1.08619348 0.56948397
 0.96067671 0.71769093
 0.81364394 0.83572306
 0.65302429 0.92157018
 0.48619775 0.97535382
 0.31953349 0.99881049
 0.15814678 0.99472780
 0.00588692 0.96644435
-0.13453757 0.91745679
-0.26136230 0.85115049
-0.37355144 0.77063884
-0.47059546 0.67868746
-0.55233860 0.57769776
-0.61883902 0.46972935
-0.67026205 0.35654553
-0.70682705 0.23963140
-0.72863528 0.12052821
-0.73578124 0.00000000
