 5.75126448 0.00000000
 5.73831304 0.14215368
 5.67703310 0.35986348
 5.61069106 0.49989179
 5.51845332 0.63399239
 5.40484830 0.75279554
 5.27171026 0.85245416
 5.13758945 0.92273346
 5.00872292 0.96843881
 4.87045924 0.99663189
 4.73270531 1.00509289
 4.59839126 0.99523745
 4.45715258 0.96475345
 4.32299860 0.91451776
 4.20098829 0.84788422
 4.08374197 0.76019498
 4.00797171 0.68655288
 3.90478728 0.55553322
 3.83496313 0.42661486
 3.79885725 0.32118205
 3.75892318 0.15110495
 3.73046499 0.07535784
 3.70752990 0.03449905
 3.69946495 0.01531317
 3.69710920 0.00139098
 3.69709510 0.00000000
