 6.53372008 0.00000000
 6.52746427 0.09606406
 6.46930997 0.32949947
 6.38932722 0.50338826
 6.28641000 0.64960412
 6.17374831 0.76324765
 6.07347934 0.83891134
 5.94055094 0.91315734
 5.77469497 0.97286032
 5.61711395 1.00097865
 5.46951599 1.00461092
 5.33460225 0.98875065
 5.17543563 0.94489936
 5.05370983 0.89130516
 4.94850650 0.82727950
 4.82607027 0.72704786
 4.75151648 0.64884034
 4.66147098 0.51990556
 4.60123440 0.37886427
 4.57891111 0.28997781
 4.54816340 0.16484430
 4.53019112 0.12561538
 4.49445502 0.07359985
 4.47203067 0.04137341
 4.46103028 0.01583777
 4.45878345 0.00000000
