 2.97675267 0.00000000
 2.96042892 0.17102384
 2.92049874 0.32343255
 2.86423403 0.45682611
 2.79951017 0.56602168
 2.71638447 0.67161101
 2.61432504 0.76975180
 2.46444873 0.87340429
 2.31639829 0.94171817
 2.17688857 0.98146297
 1.99322142 1.00229771
 1.83333465 0.99267069
 1.69722538 0.96363134
 1.54182655 0.90455909
 1.42475423 0.83833193
 1.33596629 0.77254076
 1.24158101 0.68314799
 1.15308923 0.57294234
 1.09184136 0.47225674
 1.04674428 0.37526105
 1.00423990 0.24350391
 0.98050273 0.10768302
 0.97476189 0.00000000
