 5.66245092 0.00000000
 5.65194921 0.12795521
 5.59911156 0.33070351
 5.54212571 0.46272544
 5.46266034 0.59113172
 5.36278896 0.70854896
 5.24369977 0.81127161
 5.12085372 0.88809740
 5.00012774 0.94231430
 4.86771275 0.98144389
 4.73251947 1.00173060
 4.59753355 1.00365371
 4.45203892 0.98532983
 4.31024277 0.94556548
 4.17833101 0.88651668
 4.04854957 0.80352823
 3.96309116 0.73083349
 3.87524583 0.63575366
 3.79327074 0.51825075
 3.74100140 0.41413066
 3.70152216 0.29037579
 3.66905121 0.14913997
 3.65055718 0.09168891
 3.62325324 0.03799264
 3.61226411 0.01461467
 3.61004931 0.00000000
