 1.61950328 0.00000000
 1.60843411 0.14563033
 1.57725743 0.28612425
 1.50679035 0.46064168
 1.40813057 0.61469693
 1.28820388 0.74364083
 1.15608747 0.84417989
 1.01699286 0.91809850
 0.87635236 0.96706267
 0.74268750 0.99312555
 0.61335323 1.00081960
 0.49072316 0.99255779
 0.32812360 0.95759050
 0.18770431 0.90299601
 0.06826767 0.83542664
-0.03216963 0.75961067
-0.11585415 0.67883502
-0.18490388 0.59528581
-0.26484967 0.46816000
-0.33592963 0.29706092
-0.37281025 0.12743118
-0.38066442 0.00000000
