 1.70234785 0.00000000
 1.68924566 0.15822865
 1.65274294 0.30955764
 1.60224182 0.43532305
 1.53652818 0.55109666
 1.45766328 0.65524486
 1.32282641 0.78443229
 1.17747942 0.88036694
 1.02798202 0.94611851
 0.88039431 0.98479134
 0.74332294 1.00007193
 0.61357297 0.99704793
 0.49308760 0.97891088
 0.33701066 0.93203968
 0.20550429 0.86904341
 0.09594221 0.79642197
 0.00541394 0.71843824
-0.10029780 0.59785226
-0.19893216 0.43485116
-0.25992492 0.27439258
-0.29123812 0.11756550
-0.29786544 0.00000000
