 3.06252771 0.00000000
 3.04304303 0.18692951
 2.99648055 0.35054914
 2.93088004 0.49237011
 2.85595139 0.60659026
 2.76115239 0.71435800
 2.64679284 0.81125654
 2.48255048 0.90829717
 2.32444803 0.96661653
 2.17922700 0.99525347
 1.99331225 1.00047341
 1.83617059 0.97748968
 1.70570768 0.93813304
 1.56038966 0.86934113
 1.45337923 0.79799812
 1.37356161 0.73009973
 1.28998318 0.64074750
 1.21278815 0.53363633
 1.13953949 0.39262105
 1.10006825 0.28141109
 1.07149251 0.15018728
 1.06039533 0.00000000
