 2.89636867 0.00000000
 2.88257537 0.15721921
 2.84801453 0.29962519
 2.79931129 0.42528311
 2.71034861 0.57878179
 2.57890519 0.72992340
 2.44254314 0.83770124
 2.30483799 0.91360023
 2.17212153 0.96258534
 1.99287418 0.99737689
 1.83250443 1.00058084
 1.69266619 0.98212118
 1.52911641 0.93380228
 1.40304012 0.87393401
 1.30576622 0.81137549
 1.20074645 0.72323205
 1.10068938 0.61111596
 1.03058325 0.50635900
 0.97852142 0.40392680
 0.92896224 0.26290900
 0.90115976 0.11644523
 0.89448079 0.00000000
