 3.77366251 0.00000000
 3.76340322 0.13169798
 3.73022450 0.27981134
 3.66794273 0.44014322
 3.59763688 0.56244720
 3.46949420 0.71620913
 3.32802022 0.83179517
 3.19921264 0.90545340
 3.06543619 0.95803622
 2.93003682 0.99013079
 2.73412286 1.00281608
 2.58583441 0.98662256
 2.46076811 0.95504389
 2.35670577 0.91488440
 2.23928775 0.85200084
 2.11834049 0.76305233
 2.00482712 0.64818531
 1.91914856 0.52927603
 1.86832569 0.43597666
 1.81981792 0.31400083
 1.79231185 0.20929964
 1.76680381 0.00000000
