 3.05180395 0.00000000
 3.03274301 0.18487201
 2.98706555 0.34705967
 2.92270885 0.48782194
 2.84912133 0.60144615
 2.75583344 0.70900591
 2.64303902 0.80614992
 2.48057524 0.90414727
 2.32365821 0.96381953
 2.17905414 0.99390586
 1.99327531 1.00110127
 1.83566860 0.97975238
 1.70441476 0.94162059
 1.55777302 0.87393903
 1.44949127 0.80314290
 1.36856452 0.73543692
 1.28367142 0.64600973
 1.20512481 0.53846127
 1.13047822 0.39648051
 1.09019989 0.28428760
 1.06101774 0.15175586
 1.04969121 0.00000000
