 1.51798196 0.00000000
 1.50899141 0.13151534
 1.48331877 0.25959160
 1.42494164 0.42062559
 1.34193041 0.56643471
 1.23892891 0.69299478
 1.12275081 0.79660281
 0.99723771 0.87802250
 0.86683441 0.93762429
 0.67356958 0.98843843
 0.49004041 1.00030448
 0.32209038 0.98140508
 0.17238439 0.93920802
 0.04150094 0.88005237
-0.07119874 0.80889921
-0.16699047 0.72949956
-0.24736891 0.64458248
-0.31383299 0.55608155
-0.36773629 0.46533782
-0.42747700 0.32714425
-0.47247761 0.14070496
-0.48214769 0.00000000
