 7.02105268 0.00000000
 7.01089739 0.11982865
 6.98686755 0.23624510
 6.94240478 0.36943781
 6.87013163 0.51440849
 6.79876364 0.61933864
 6.71662442 0.71225763
 6.62572897 0.79232560
 6.48694353 0.88374353
 6.29309681 0.96434760
 6.14258567 0.99692073
 5.96859084 1.00552545
 5.78414599 0.98117257
 5.63566873 0.93520191
 5.51542009 0.87764234
 5.41826391 0.81547080
 5.31650424 0.73125098
 5.23234966 0.64193546
 5.14235519 0.50842236
 5.08450930 0.36586557
 5.06260259 0.26838265
 5.04691820 0.18136052
 5.02555132 0.12585221
 4.99346339 0.08385922
 4.96752598 0.06025385
 4.93152580 0.01097478
 4.93005239 0.00000000
