 6.09352945 0.00000000
 6.06616185 0.20935918
 6.00241342 0.40005846
 5.92207237 0.54937780
 5.83922760 0.65942431
 5.68500241 0.80305927
 5.57141523 0.87757213
 5.45109088 0.93470417
 5.32723532 0.97469629
 5.16082670 1.00238046
 5.01566636 1.00331459
 4.87415782 0.98389187
 4.74585207 0.94798319
 4.63160419 0.89918450
 4.52159597 0.83463447
 4.42540335 0.76065339
 4.34370726 0.68135853
 4.24342523 0.55360289
 4.17419834 0.41598875
 4.14469886 0.31976410
 4.12506140 0.23240662
 4.10477411 0.16338824
 4.07870420 0.10637064
 4.03972007 0.03477371
 4.03255725 0.01280474
 4.03145927 0.00000000
