 3.49466055 0.00000000
 3.48242757 0.14572114
 3.43114962 0.34087002
 3.38807101 0.44273443
 3.30695999 0.57962586
 3.21131315 0.69540614
 3.06789896 0.81873819
 2.90456738 0.91276426
 2.72926681 0.97388838
 2.58353120 0.99864549
 2.45068519 1.00227837
 2.33233648 0.99063307
 2.18925712 0.95695163
 2.03019760 0.89120638
 1.91300295 0.81980551
 1.82583226 0.75038837
 1.73794312 0.66134571
 1.65688921 0.55458014
 1.57598787 0.40567129
 1.52871788 0.27222772
 1.50102035 0.13767201
 1.48862110 0.00000000
