 6.76520094 0.00000000
 6.75987728 0.08628908
 6.73381653 0.22517102
 6.66843367 0.41007651
 6.59505643 0.54583156
 6.50458364 0.66531196
 6.40342147 0.76484082
 6.25188596 0.87195539
 6.12437978 0.93377536
 5.96517273 0.98293437
 5.78044764 1.00549502
 5.61818425 0.99720989
 5.47655104 0.96784817
 5.35511153 0.92458800
 5.22041526 0.85430541
 5.12390649 0.78572915
 5.02291521 0.69348275
 4.93961074 0.59350997
 4.87601993 0.48803250
 4.82993898 0.36799111
 4.80550790 0.26292791
 4.79292946 0.20006233
 4.77912661 0.15494299
 4.76672890 0.12826879
 4.74488952 0.09574762
 4.71178903 0.05769521
 4.68313325 0.00000000
