 6.06115491 0.00000000
 6.03556943 0.20209265
 5.97515310 0.38832822
 5.89909559 0.53476128
 5.82047532 0.64349869
 5.67284697 0.78743028
 5.56326268 0.86356289
 5.44636879 0.92330264
 5.32502140 0.96655229
 5.16052080 0.99927750
 5.01558659 1.00489337
 4.87300498 0.98988633
 4.74258152 0.95772715
 4.62547993 0.91183466
 4.51190530 0.84941903
 4.41192006 0.77655918
 4.32671702 0.69748578
 4.24693756 0.60459880
 4.16146155 0.46353238
 4.11118395 0.31673795
 4.08470271 0.20172061
 4.06501613 0.14552334
 4.03984347 0.09448465
 4.01374991 0.04712501
 4.00245005 0.01948704
 3.99991489 0.00000000
