 5.13665173 0.00000000
 5.11381986 0.19357507
 5.07594386 0.32756008
 5.01651920 0.46455237
 4.93237012 0.59932600
 4.83813218 0.70896196
 4.71542594 0.81376234
 4.56563641 0.90371580
 4.43873019 0.95492877
 4.29458734 0.99043536
 4.13774927 1.00468853
 3.95628241 0.99004545
 3.81762593 0.95565964
 3.70355223 0.91065742
 3.61050517 0.86087253
 3.50643988 0.78855976
 3.41211931 0.70329698
 3.31957349 0.59290435
 3.25688619 0.49387071
 3.20784442 0.39047686
 3.17192474 0.28353161
 3.14119556 0.15238087
 3.12034520 0.00000000
