 4.71708630 0.00000000
 4.69738106 0.18103348
 4.61968030 0.41885227
 4.54572529 0.55305042
 4.41943054 0.70826381
 4.29474740 0.81494594
 4.11306274 0.91881828
 3.94967163 0.97473270
 3.80694162 0.99947810
 3.67537285 1.00374042
 3.55679060 0.99275783
 3.41046992 0.95891357
 3.26312810 0.89956064
 3.14771107 0.83213055
 3.05743262 0.76295255
 2.96828785 0.67561734
 2.88949388 0.57593330
 2.82340879 0.46520936
 2.77682914 0.35794774
 2.74243250 0.24420228
 2.71659590 0.12099094
 2.70346352 0.00000000
