 2.55606799 0.00000000
 2.54097566 0.16616830
 2.50475345 0.31053106
 2.45628330 0.43228967
 2.38086078 0.56379210
 2.24851714 0.72076300
 2.10865560 0.83364388
 1.96669202 0.91255916
 1.82530709 0.96428585
 1.68910045 0.99274073
 1.51181549 1.00113706
 1.35960194 0.98300805
 1.23139656 0.94867211
 1.08115371 0.88317362
 0.96766947 0.81202348
 0.88378983 0.74398003
 0.79172029 0.64875896
 0.71988638 0.55278539
 0.64623058 0.42021291
 0.58378186 0.24170077
 0.56061937 0.11012948
 0.55474762 0.00000000
