 7.25302114 0.00000000
 7.23587909 0.15840253
 7.20049635 0.29850538
 7.13379986 0.45733935
 7.02843670 0.62181894
 6.92597035 0.73406139
 6.81237078 0.82573773
 6.69363167 0.89693141
 6.58004690 0.94634445
 6.44841054 0.98399565
 6.30130134 1.00434388
 6.14372727 1.00195272
 5.97483011 0.97117101
 5.80953755 0.91021905
 5.68596147 0.84067313
 5.55334024 0.73637622
 5.44917301 0.62389970
 5.38572723 0.53115479
 5.33354817 0.42248424
 5.30171779 0.30868966
 5.28234159 0.18840070
 5.27579482 0.16168914
 5.26603931 0.13554545
 5.25222743 0.11110329
 5.23327396 0.08839028
 5.20808346 0.06719198
 5.16643982 0.03254996
 5.15308408 0.00564334
 5.15262008 0.00000000
