 6.76789208 0.00000000
 6.76252984 0.08659531
 6.73634287 0.22582377
 6.67067071 0.41108885
 6.59696126 0.54705578
 6.50609617 0.66664796
 6.40455783 0.76617003
 6.25255539 0.87311837
 6.12475273 0.93470446
 5.96529546 0.98349491
 5.78044987 1.00557184
 5.61823094 0.99685737
 5.47675348 0.96713781
 5.35553110 0.92361103
 5.22117049 0.85309602
 5.12495800 0.78441557
 5.02432027 0.69213713
 4.94138533 0.59223852
 4.87817287 0.48697435
 4.83240701 0.36727564
 4.80811000 0.26243494
 4.79549889 0.19944692
 4.78149416 0.15401657
 4.76882690 0.12711516
 4.74655429 0.09442174
 4.71333390 0.05637723
 4.68573705 0.00000000
