 6.92944164 0.00000000
 6.92131209 0.10676290
 6.88652753 0.26744590
 6.80069722 0.47518448
 6.70425240 0.62320080
 6.58779028 0.74725996
 6.46274397 0.84345532
 6.28323205 0.93607921
 6.13951438 0.98064407
 5.96852078 1.00477906
 5.78123823 0.99708286
 5.62573860 0.96360029
 5.49653735 0.91463003
 5.39005187 0.85770333
 5.27659646 0.77664383
 5.16238621 0.66678986
 5.08645160 0.56865986
 5.01446982 0.42992614
 4.97385786 0.28382114
 4.95927071 0.20191279
 4.94755144 0.15972140
 4.93339533 0.12757250
 4.91957597 0.10600686
 4.89456048 0.07781726
 4.86093068 0.04327704
 4.84277736 0.00929138
 4.84180140 0.00000000
