 1.69967508 0.00000000
 1.68664380 0.15780621
 1.65032588 0.30877578
 1.60007406 0.43427963
 1.53466339 0.54987141
 1.45613246 0.65392445
 1.32178998 0.78313136
 1.17686928 0.87924608
 1.02769335 0.94528956
 0.88030628 0.98431476
 0.74331765 0.99995338
 0.61355340 0.99727561
 0.49297412 0.97944939
 0.33665980 0.93294156
 0.20485140 0.87019072
 0.09496702 0.79770729
 0.00412313 0.71977220
-0.10201251 0.59913188
-0.20109678 0.43589700
-0.26239330 0.27509836
-0.29387278 0.11787100
-0.30053652 0.00000000
