 6.97254659 0.00000000
 6.96350978 0.11275917
 6.92604691 0.27940211
 6.83379854 0.49338703
 6.73033022 0.64424914
 6.60642336 0.76860235
 6.47491415 0.86283237
 6.28848180 0.95015070
 6.14132588 0.98925743
 5.96857319 1.00617060
 5.78225344 0.99055464
 5.62979984 0.95101114
 5.50467385 0.89777097
 5.40253147 0.83816230
 5.29463602 0.75538334
 5.15482056 0.60453596
 5.07517230 0.47099698
 5.03859551 0.37471498
 5.01554987 0.27639797
 5.00066654 0.19260749
 4.98563825 0.14509430
 4.96491746 0.10799249
 4.94482372 0.08452124
 4.91532912 0.05628041
 4.88975704 0.02392547
 4.88349349 0.00357480
 4.88334802 0.00000000
