 6.85134062 0.00000000
 6.84466533 0.09656800
 6.81430100 0.24671290
 6.73893543 0.44337962
 6.65417906 0.58577767
 6.55057771 0.70827480
 6.43709176 0.80682974
 6.27067897 0.90746405
 6.13413644 0.96097277
 5.96780956 0.99759388
 5.78051358 1.00438970
 5.62079271 0.98256673
 5.48498926 0.94230974
 5.37100684 0.89121015
 5.24734018 0.81441600
 5.16017406 0.74320796
 5.07991907 0.66191573
 4.98651414 0.53341810
 4.92434595 0.39667892
 4.89863446 0.29800676
 4.87444233 0.17880655
 4.86035165 0.14016654
 4.84903202 0.11916932
 4.82008224 0.08208019
 4.77607009 0.03138351
 4.76821297 0.01309885
 4.76640344 0.00000000
