 6.71945639 0.00000000
 6.71475510 0.08122745
 6.69076441 0.21426924
 6.63009308 0.39314301
 6.56214086 0.52527305
 6.47815401 0.64270410
 6.38328526 0.74213330
 6.23967384 0.85172984
 6.11731770 0.91726660
 5.96260653 0.97243938
 5.78031224 1.00309326
 5.61764414 1.00213451
 5.47364806 0.97899579
 5.34869240 0.94047809
 5.20844509 0.87441561
 5.10678260 0.80786044
 5.02175389 0.73681661
 4.94613185 0.65955185
 4.85084351 0.52704116
 4.79114928 0.39094270
 4.76133477 0.27142819
 4.74182299 0.18178999
 4.72918935 0.14651985
 4.71388718 0.11751362
 4.69602418 0.09256668
 4.66431989 0.05499001
 4.63885076 0.00000000
