 5.98294836 0.00000000
 5.96126222 0.18535447
 5.90820226 0.36103246
 5.84156737 0.50045660
 5.77249308 0.60556278
 5.64026326 0.74899849
 5.54027473 0.82806708
 5.43203207 0.89314108
 5.31742072 0.94349513
 5.15869832 0.98765136
 5.01554440 1.00443127
 4.87153256 1.00038450
 4.73696768 0.97783927
 4.61363272 0.93978267
 4.49176237 0.88350697
 4.38261558 0.81428442
 4.28842901 0.73645856
 4.19326454 0.63512027
 4.12465213 0.53998833
 4.05611492 0.39529669
 4.00834313 0.21345753
 3.97680214 0.11748498
 3.95555308 0.07705327
 3.92741003 0.02416901
 3.92354557 0.00304586
 3.92364322 0.00000000
