 4.31894642 0.00000000
 4.28693557 0.23541810
 4.23504682 0.39049812
 4.17008397 0.51830586
 4.10074975 0.61916038
 3.99017883 0.73914219
 3.87845623 0.82795976
 3.71203986 0.92027335
 3.55085605 0.97486729
 3.40099938 0.99989442
 3.22990697 1.00063858
 3.07915543 0.97646540
 2.94868716 0.93566494
 2.79061953 0.85730719
 2.68989190 0.78665519
 2.58612974 0.69110665
 2.50751950 0.59635299
 2.43984873 0.48996315
 2.38557248 0.37314630
 2.34609454 0.24824541
 2.32324743 0.14504032
 2.30783077 0.00000000
