 7.01566242 0.00000000
 7.00563666 0.11902662
 6.98182306 0.23492402
 6.93777589 0.36755620
 6.86614364 0.51204526
 6.79539151 0.61673452
 6.71392855 0.70956426
 6.62367198 0.78970887
 6.48569252 0.88147136
 6.29264749 0.96286003
 6.14248055 0.99617795
 5.96858441 1.00571270
 5.78389073 0.98231876
 5.63494474 0.93704002
 5.51414088 0.87993459
 5.41642759 0.81802423
 5.31399255 0.73393999
 5.22916542 0.64458071
 5.13700604 0.50845178
 5.07926671 0.36650706
 5.05736701 0.26925569
 5.04180280 0.18266245
 5.02133587 0.12815585
 4.99067985 0.08658120
 4.96513464 0.06292385
 4.92669035 0.01230099
 4.92486362 0.00000000
