 1.95905127 0.00000000
 1.93708639 0.20425459
 1.87788247 0.39314603
 1.79751752 0.54416671
 1.69704359 0.67458851
 1.58171765 0.78263035
 1.46096629 0.86538538
 1.33703048 0.92652922
 1.21371138 0.96792621
 1.04034675 0.99785051
 0.88252370 0.99842801
 0.74653576 0.97864968
 0.62626572 0.94459302
 0.52124703 0.90077419
 0.39393499 0.82683429
 0.29357359 0.74830114
 0.18203520 0.63152707
 0.08153182 0.48189426
 0.02599702 0.36259687
-0.01041942 0.24890989
-0.03131814 0.14340706
-0.04139109 0.00000000
