 1.32037164 0.00000000
 1.31440288 0.10778186
 1.29686454 0.21429915
 1.25662325 0.35070264
 1.19815160 0.47876240
 1.12325305 0.59599241
 1.03556687 0.69891150
 0.93680941 0.78750950
 0.82943097 0.86091489
 0.66054765 0.94065269
 0.48837820 0.98615223
 0.31959480 1.00042686
 0.15914016 0.98738906
 0.01038357 0.95124803
-0.12460553 0.89607738
-0.24474361 0.82557210
-0.34963943 0.74293721
-0.43934962 0.65086861
-0.51418890 0.55158752
-0.57458856 0.44690398
-0.62100043 0.33828904
-0.65385223 0.22690941
-0.67336226 0.11406346
-0.67972501 0.00000000
