 7.06148550 0.00000000
 7.05031587 0.12597650
 7.02460352 0.24632776
 6.97689068 0.38378313
 6.89963815 0.53234390
 6.82349357 0.63900602
 6.73618095 0.73244624
 6.64046149 0.81176426
 6.54555937 0.87352544
 6.43093404 0.92985906
 6.29599854 0.97475516
 6.14314625 1.00160657
 5.96872877 1.00320518
 5.78646349 0.97177613
 5.64170009 0.92080578
 5.52570480 0.86004788
 5.43273409 0.79610203
 5.33599328 0.71105188
 5.26372785 0.63087243
 5.17805444 0.49944945
 5.12231325 0.35713059
 5.10193014 0.26198212
 5.08498642 0.17101081
 5.05477206 0.10730928
 5.01195114 0.06364271
 4.97532439 0.02344118
 4.96894730 0.00000000
