 7.20713469 0.00000000
 7.19161757 0.15011915
 7.15883891 0.28531067
 7.09728041 0.43887394
 6.99937601 0.59977848
 6.90374786 0.71118249
 6.79662786 0.80399042
 6.68336738 0.87786184
 6.57405189 0.93092515
 6.44594659 0.97369146
 6.30094514 1.00038488
 6.14349251 1.00518152
 5.97218088 0.98185744
 5.80193777 0.92725749
 5.67289400 0.86134698
 5.53296526 0.75914681
 5.42161565 0.64629237
 5.35241246 0.55137544
 5.29415864 0.43793444
 5.25782531 0.31721824
 5.23785049 0.19715582
 5.22660818 0.15281247
 5.21734444 0.13123399
 5.20135460 0.10528231
 5.18176670 0.08369783
 5.16179308 0.06712002
 5.12798066 0.03917769
 5.11276714 0.01734400
 5.10872275 0.00000000
