 1.38444907 0.00000000
 1.37762741 0.11497283
 1.35777383 0.22811608
 1.31234369 0.37222760
 1.24671772 0.50616909
 1.16342669 0.62694701
 1.06697562 0.73091135
 0.95967391 0.81817485
 0.84458397 0.88811067
 0.66684614 0.95968738
 0.48962492 0.99492147
 0.31967862 0.99843592
 0.16148866 0.97540977
 0.01768131 0.93093152
-0.11050645 0.86956563
-0.22278838 0.79519350
-0.31946614 0.71098540
-0.40116251 0.61946001
-0.46863259 0.52257847
-0.52263670 0.42185019
-0.56386750 0.31842634
-0.59291660 0.21315272
-0.61008516 0.10711356
-0.61565596 0.00000000
