 4.57728851 0.00000000
 4.56272723 0.15518566
 4.50152565 0.36851628
 4.44351757 0.49136169
 4.34250627 0.63896292
 4.23942012 0.74685348
 4.08339521 0.86194748
 3.93639625 0.93417340
 3.80278990 0.97646296
 3.67495281 0.99855132
 3.55564717 1.00406076
 3.40276866 0.99031132
 3.24211076 0.94919408
 3.11134202 0.89318325
 3.00559557 0.83018221
 2.89819683 0.74519696
 2.80079543 0.64291491
 2.71681784 0.52428806
 2.65613584 0.40547582
 2.61193587 0.27884751
 2.58129777 0.14575783
 2.56443034 0.00000000
