 3.03840002 0.00000000
 3.01985681 0.18232840
 2.97526231 0.34273837
 2.91242871 0.48217852
 2.84049115 0.59504361
 2.74907175 0.70231616
 2.63822385 0.79972953
 2.47799271 0.89886979
 2.32258847 0.96019245
 2.17879604 0.99206779
 1.99324601 1.00172595
 1.83510604 0.98243705
 1.70289616 0.94586379
 1.55462294 0.87961287
 1.44475566 0.80953711
 1.36243653 0.74209934
 1.27588473 0.65260530
 1.19562435 0.54452919
 1.11919819 0.40134867
 1.07788964 0.28792189
 1.04793164 0.15373914
 1.03631136 0.00000000
