 6.63061379 0.00000000
 6.62256483 0.10864346
 6.55414040 0.36171605
 6.49555312 0.48680295
 6.42315196 0.59958042
 6.33989522 0.69776161
 6.21142474 0.81042066
 6.09950026 0.88177647
 5.95463204 0.94717545
 5.77899632 0.99261922
 5.61743520 1.00583343
 5.47048138 0.99533662
 5.33980154 0.96706283
 5.18968617 0.91063793
 5.07807037 0.84934009
 4.98362607 0.78077189
 4.86987050 0.67343053
 4.79918793 0.58534364
 4.74255805 0.49002704
 4.70154765 0.38924316
 4.67200417 0.27121895
 4.65145523 0.17972842
 4.63261961 0.13329037
 4.61083489 0.09852284
 4.57431119 0.05205403
 4.55279385 0.00000000
