 6.55793856 0.00000000
 6.55126903 0.09907960
 6.49069004 0.33736026
 6.43869624 0.45680945
 6.37477486 0.56529979
 6.30036014 0.66157646
 6.18383182 0.77518404
 6.08064700 0.84996312
 5.94464738 0.92222651
 5.77613311 0.97857636
 5.61729566 1.00305525
 5.46960357 1.00315635
 5.33553051 0.98410006
 5.17843512 0.93691427
 5.05912600 0.88121082
 4.95664004 0.81585079
 4.80132694 0.67752937
 4.67784010 0.50577657
 4.62447464 0.37550148
 4.60212441 0.28518274
 4.58358985 0.19923156
 4.56332465 0.14232303
 4.55373048 0.12379458
 4.53628267 0.09702909
 4.50984878 0.06199029
 4.48230345 0.00000000
