 5.17435600 0.00000000
 5.14968686 0.20155945
 5.10930922 0.33950430
 5.04585170 0.48014289
 4.95628695 0.61741194
 4.85654971 0.72775732
 4.72787300 0.83144906
 4.57237091 0.91812162
 4.44198048 0.96548709
 4.29544548 0.99602523
 4.13775521 1.00444000
 3.95761435 0.98310300
 3.82160086 0.94410209
 3.66522831 0.87107654
 3.52146223 0.77015469
 3.43189811 0.68454238
 3.34466350 0.57521641
 3.28597590 0.47817346
 3.24038719 0.37769416
 3.20692909 0.27394988
 3.17734547 0.14484971
 3.15776156 0.00000000
