 2.27220734 0.00000000
 2.25354525 0.18658163
 2.21365657 0.33325850
 2.16838024 0.44163996
 2.08486755 0.58158713
 1.99058780 0.69509874
 1.88855300 0.78749613
 1.77953162 0.86218346
 1.66672026 0.91962222
 1.50712903 0.97318902
 1.35693880 0.99785819
 1.21966366 1.00037688
 1.04445086 0.97580638
 0.90063974 0.93069502
 0.78710285 0.87694729
 0.65473046 0.78931370
 0.54549527 0.68984129
 0.46063128 0.58744244
 0.39713534 0.48758929
 0.32210118 0.31680253
 0.28155992 0.14498662
 0.27131317 0.00000000
