 6.16100088 0.00000000
 6.12957038 0.22515994
 6.05827753 0.42533142
 5.96824689 0.58055984
 5.87610645 0.69288106
 5.70778573 0.83484766
 5.58590874 0.90517670
 5.45885120 0.95615021
 5.33037713 0.98880787
 5.16100184 1.00553111
 5.01633571 0.99675337
 4.87792061 0.96846154
 4.75470839 0.92526492
 4.64679589 0.87109626
 4.54439033 0.80284311
 4.45582221 0.72719684
 4.37590474 0.64213646
 4.30340314 0.54179055
 4.24489406 0.42505530
 4.20764526 0.29948353
 4.19158053 0.22686086
 4.17068665 0.15863393
 4.14122960 0.09711413
 4.10285136 0.02815556
 4.09729823 0.00509967
 4.09714648 0.00000000
