 3.55097818 0.00000000
 3.53715439 0.15488227
 3.48053428 0.35931829
 3.43295447 0.46530546
 3.34363156 0.60640900
 3.23947422 0.72351907
 3.08552187 0.84480980
 2.91325450 0.93305987
 2.73186775 0.98565554
 2.58379874 1.00240210
 2.45094159 0.99859474
 2.33423060 0.98052093
 2.19519938 0.93968735
 2.04321676 0.86750794
 1.93294323 0.79292660
 1.85187520 0.72237604
 1.77088724 0.63367082
 1.69684847 0.52909130
 1.62361151 0.38541331
 1.58128474 0.25832270
 1.55607934 0.12933578
 1.54478745 0.00000000
