 2.37929480 0.00000000
 2.35612740 0.20776066
 2.30761821 0.36813174
 2.25257398 0.48533621
 2.15252958 0.63308896
 2.04213765 0.74845501
 1.92517503 0.83814616
 1.80313538 0.90642187
 1.68001051 0.95474870
 1.51096192 0.99279125
 1.35716911 1.00156064
 1.22088047 0.98951666
 1.05262223 0.94758879
 0.91903566 0.89046646
 0.81633728 0.82939261
 0.69960246 0.73663521
 0.60554393 0.63685767
 0.53384737 0.53781878
 0.48100960 0.44366413
 0.41940199 0.28622184
 0.38654814 0.13068555
 0.37825352 0.00000000
