 5.53848287 0.00000000
 5.48803457 0.29303510
 5.44178138 0.41435516
 5.37768997 0.53381183
 5.29511532 0.64708426
 5.19457043 0.75088495
 5.08798744 0.83360901
 4.98002239 0.89689730
 4.85823002 0.94884710
 4.72985810 0.98433662
 4.59736803 1.00247906
 4.44959915 1.00200558
 4.30016393 0.97913375
 4.15621711 0.93372788
 4.00967557 0.86079890
 3.91011384 0.79187279
 3.80576979 0.69700126
 3.69150576 0.55270819
 3.63731689 0.45778200
 3.59651144 0.35800406
 3.56769251 0.25493803
 3.53854402 0.12632261
 3.52608500 0.08723771
 3.50759272 0.05064802
 3.48865203 0.00000000
