 6.67369558 0.00000000
 6.66472350 0.11468464
 6.59120219 0.37672120
 6.52826271 0.50521160
 6.45041094 0.62034308
 6.36162943 0.71929180
 6.22587458 0.83074374
 6.10883765 0.89950704
 5.95903404 0.96019453
 5.77986519 0.99864230
 5.61745668 1.00501409
 5.47165996 0.98831698
 5.34355772 0.95491663
 5.19806279 0.89358434
 5.09122906 0.82951683
 5.00141940 0.75956522
 4.91195902 0.67251939
 4.81731841 0.54737161
 4.75235216 0.41214959
 4.72819554 0.33012366
 4.70756783 0.23183197
 4.68384326 0.14897082
 4.66544082 0.11444440
 4.63753121 0.07743802
 4.60426782 0.03285190
 4.59452885 0.00000000
