 6.15290241 0.00000000
 6.12198576 0.22321572
 6.05164360 0.42223859
 5.96283172 0.57676856
 5.87184103 0.68885240
 5.70523378 0.83109806
 5.58434342 0.90198816
 5.45805975 0.95375090
 5.33009375 0.98732572
 5.16099932 1.00539157
 5.01620571 0.99777067
 4.87736018 0.97051612
 4.75349168 0.92815336
 4.64479495 0.87457955
 4.54147037 0.80671802
 4.45200959 0.73122705
 4.36655033 0.64048815
 4.27863587 0.51340815
 4.22193298 0.38317192
 4.19997831 0.30121226
 4.17435781 0.19313405
 4.13512543 0.10062512
 4.10152543 0.04306782
 4.09162146 0.01784088
 4.08945953 0.00568429
 4.08926634 0.00000000
