 2.09552921 0.00000000
 2.06673193 0.23358077
 2.02109664 0.37631902
 1.95997075 0.50154904
 1.88874463 0.60818087
 1.76520671 0.74259153
 1.62779508 0.84692720
 1.48885581 0.92013395
 1.35117099 0.96776198
 1.21894413 0.99357031
 1.04059230 1.00002488
 0.88544797 0.97941303
 0.75695622 0.94281731
 0.64708851 0.89582796
 0.55394357 0.84279146
 0.44437124 0.76120921
 0.36042105 0.68031983
 0.26953261 0.56631226
 0.18975131 0.42688008
 0.14650723 0.31908300
 0.10944808 0.17209490
 0.09489926 0.00000000
