 4.90793227 0.00000000
 4.89390723 0.15042436
 4.85126953 0.31651683
 4.77122139 0.49567601
 4.70600118 0.59670323
 4.61713915 0.70130357
 4.50235688 0.80240113
 4.39995025 0.87032980
 4.27651878 0.93050826
 4.13321693 0.97656847
 3.95455951 1.00297661
 3.80752041 1.00030416
 3.67894588 0.98001352
 3.56838301 0.94833724
 3.43851202 0.89211433
 3.31431906 0.81558833
 3.18572095 0.70473884
 3.08478924 0.58307304
 3.02735236 0.49100215
 2.96381291 0.34807807
 2.92294806 0.20068892
 2.89323408 0.00000000
