 3.88366725 0.00000000
 3.87061963 0.14863748
 3.83025604 0.31132367
 3.75474876 0.48486016
 3.66995262 0.61450295
 3.57295655 0.72254966
 3.46762816 0.81099020
 3.35792105 0.88059026
 3.21569072 0.94452933
 3.07229403 0.98437298
 2.93145709 1.00203264
 2.73506771 0.99327207
 2.59190212 0.96174885
 2.47466800 0.91866881
 2.37954802 0.87042884
 2.27466035 0.80077971
 2.16934987 0.70836929
 2.07279370 0.59490476
 2.00733679 0.49268746
 1.95153484 0.37307047
 1.90777848 0.23501308
 1.87486445 0.00000000
