 6.27984049 0.00000000
 6.23997882 0.25519440
 6.18728229 0.40214255
 6.12011706 0.53000863
 6.04341340 0.63749287
 5.97209072 0.71577557
 5.87232690 0.80204705
 5.73953594 0.88713070
 5.60377223 0.94735817
 5.46669558 0.98532166
 5.33238895 1.00352803
 5.16138786 1.00010646
 5.02062690 0.97494667
 4.89022859 0.93249311
 4.77779527 0.87850864
 4.68189477 0.81717654
 4.59272613 0.74475403
 4.50612275 0.65656668
 4.43845304 0.56866089
 4.38352495 0.47151880
 4.34404722 0.36631635
 4.30514425 0.20561415
 4.28347181 0.14171361
 4.25399844 0.08791145
 4.21405838 0.01308994
 4.21264287 0.00000000
