 6.43938831 0.00000000
 6.38514958 0.30014860
 6.31671531 0.46379989
 6.22868531 0.60374008
 6.13042559 0.71634807
 6.04135498 0.79431505
 5.92069782 0.87483925
 5.76625588 0.94609683
 5.61509576 0.98759233
 5.46944693 1.00471792
 5.33274570 1.00161438
 5.16693139 0.97181187
 5.03668584 0.92750416
 4.92116217 0.86994507
 4.78462708 0.77380950
 4.66017535 0.65169955
 4.57005388 0.52532299
 4.51187682 0.39426705
 4.48911070 0.30949834
 4.46201102 0.19291868
 4.45160122 0.16187054
 4.43013583 0.11781961
 4.39575667 0.06705668
 4.36725261 0.00000000
