 5.88322905 0.00000000
 5.86577151 0.16562262
 5.78940867 0.40666560
 5.70618984 0.55867678
 5.59231051 0.69932102
 5.45653738 0.81696627
 5.30234523 0.90792759
 5.15306834 0.96486464
 5.01457387 0.99509521
 4.87121615 1.00524341
 4.73354762 0.99578678
 4.60395672 0.96915336
 4.47255347 0.92268414
 4.35202438 0.86011056
 4.24584123 0.78562174
 4.15545273 0.70343195
 4.07749947 0.61389670
 4.01537362 0.52261929
 3.96705740 0.42544222
 3.93313454 0.32416153
 3.89963844 0.18095935
 3.86883654 0.09570861
 3.84245148 0.04898659
 3.83029231 0.02284455
 3.82623790 0.00041938
 3.82624677 0.00000000
