 2.10623675 0.00000000
 2.07682493 0.23603747
 2.03027619 0.38003806
 1.96795853 0.50619287
 1.89546519 0.61334400
 1.76999156 0.74790442
 1.63080845 0.85173474
 1.49049501 0.92398373
 1.35185703 0.97038047
 1.21910096 0.99485422
 1.04062761 0.99941215
 0.88593207 0.97719143
 0.75819939 0.93939188
 0.64925816 0.89153024
 0.55710116 0.83791705
 0.44892658 0.75592614
 0.36621487 0.67499692
 0.27683318 0.56134103
 0.19851730 0.42277631
 0.15612431 0.31587406
 0.11983212 0.17031666
 0.10558976 0.00000000
