 2.25079563 0.00000000
 2.23292965 0.18259030
 2.19457356 0.32663440
 2.15104231 0.43327161
 2.07056263 0.57152558
 1.97931653 0.68442682
 1.88017804 0.77706364
 1.77379498 0.85271303
 1.66318563 0.91168342
 1.50581101 0.96805054
 1.35673042 0.99576307
 1.21963125 1.00119972
 1.04346384 0.98028986
 0.89787175 0.93786940
 0.78228936 0.88587391
 0.64680081 0.79963644
 0.53440881 0.70051953
 0.44673007 0.59763602
 0.38090838 0.49673188
 0.30289224 0.32326274
 0.26061785 0.14803068
 0.24992729 0.00000000
