 2.12229903 0.00000000
 2.09194164 0.23976708
 2.04398930 0.38567434
 1.97984584 0.51321183
 1.90542007 0.62112128
 1.77701063 0.75585557
 1.63516608 0.85886499
 1.49281341 0.92961982
 1.35278699 0.97412623
 1.21928807 0.99657327
 1.04070813 0.99828081
 0.88674790 0.97366994
 0.76019509 0.93410119
 0.65266781 0.88497207
 0.56200259 0.83053377
 0.45592020 0.74797920
 0.37504961 0.66702591
 0.28789579 0.55392888
 0.21173585 0.41667890
 0.17059084 0.31111502
 0.13542066 0.16768360
 0.12162580 0.00000000
