 3.51343143 0.00000000
 3.50068731 0.14871995
 3.44768630 0.34693266
 3.40315755 0.45016423
 3.31938118 0.58848924
 3.22094673 0.70477547
 3.07404169 0.82753519
 2.90769653 0.91975031
 2.73027953 0.97812133
 2.58366945 1.00024461
 2.45072708 1.00139727
 2.33284551 0.98758572
 2.19103410 0.95146164
 2.03427713 0.88347466
 1.91937717 0.81093020
 1.83425339 0.74107144
 1.74869950 0.65208291
 1.67003618 0.54600514
 1.59175885 0.39882003
 1.54619449 0.26751518
 1.51936107 0.13485632
 1.50734260 0.00000000
