 3.60731109 0.00000000
 3.59171419 0.16454896
 3.52920246 0.37855956
 3.47665012 0.48871391
 3.37846222 0.63371566
 3.26537155 0.75154498
 3.15814404 0.83414570
 3.04220347 0.90093486
 2.91993473 0.95122353
 2.73332512 0.99453642
 2.58382024 1.00301367
 2.45178087 0.99182983
 2.33739439 0.96758787
 2.20309008 0.92017732
 2.05862024 0.84244931
 1.91682635 0.73082591
 1.80579142 0.60640501
 1.73830000 0.50434230
 1.67212082 0.36604076
 1.63423839 0.24509667
 1.61124179 0.12131786
 1.60095938 0.00000000
