 6.11781499 0.00000000
 6.08904101 0.21494315
 6.02267357 0.40902596
 5.93896538 0.56049297
 5.85284990 0.67143325
 5.69360112 0.81463640
 5.57701585 0.88777094
 5.45419688 0.94279692
 5.32858033 0.98023123
 5.16094227 1.00403381
 5.01581030 1.00145753
 4.87528445 0.97878583
 4.74871088 0.94016743
 4.63668859 0.88932769
 4.52939563 0.82332964
 4.43600542 0.74864894
 4.29539758 0.59364400
 4.21999452 0.46714566
 4.18034855 0.36248129
 4.14809574 0.22687948
 4.12616048 0.15523205
 4.09725893 0.09598276
 4.07073714 0.05015714
 4.05825641 0.02075706
 4.05565468 0.00916414
 4.05511167 0.00000000
