 5.87245261 0.00000000
 5.85540670 0.16359532
 5.78040461 0.40268308
 5.69870673 0.55372807
 5.58671117 0.69394682
 5.45281361 0.81185274
 5.30031695 0.90372138
 5.15217882 0.96190592
 5.01433465 0.99351196
 4.87121570 1.00518299
 4.73336566 0.99717733
 4.60322968 0.97185622
 4.47088940 0.92657313
 4.34917346 0.86485586
 4.24167618 0.79085745
 4.14999983 0.70880800
 4.07080591 0.61911138
 4.00577960 0.52444539
 3.95841204 0.43075153
 3.92312586 0.32683661
 3.88946996 0.18356875
 3.86503127 0.11005716
 3.85130867 0.08316686
 3.82457198 0.03443174
 3.81571340 0.00023939
 3.81571496 0.00000000
