 6.49067230 0.00000000
 6.48509994 0.09090907
 6.43103582 0.31583947
 6.35656768 0.48501619
 6.26069078 0.62848442
 6.15474675 0.74187468
 6.05963373 0.81880919
 5.93226481 0.89620505
 5.77143401 0.96149078
 5.61649549 0.99589272
 5.46947995 1.00575570
 5.33345203 0.99568113
 5.17095474 0.95805051
 5.04515144 0.90849251
 4.93515295 0.84717366
 4.80637154 0.74852194
 4.71411862 0.65537488
 4.62274745 0.52784494
 4.56115883 0.38800354
 4.53776473 0.29873051
 4.50924272 0.17835766
 4.49553933 0.14326707
 4.46645248 0.09424992
 4.44209493 0.06078766
 4.42361747 0.02885235
 4.41694954 0.00000000
