 6.05306239 0.00000000
 6.02790642 0.20030755
 5.96829564 0.38543582
 5.89327298 0.53114466
 5.81568407 0.63953540
 5.66968555 0.78349320
 5.56110095 0.85999265
 5.44508096 0.92034800
 5.32438778 0.96438385
 5.16041041 0.99834302
 5.01557986 1.00512672
 4.87277321 0.99123670
 4.74185596 0.96003767
 4.62406373 0.91490372
 4.50960757 0.85305874
 4.40867233 0.78051355
 4.32256979 0.70152032
 4.23644567 0.60112264
 4.17860675 0.51298601
 4.13408909 0.41822097
 4.10357420 0.31855221
 4.07716046 0.20385421
 4.04606125 0.12174919
 4.00745937 0.05039363
 3.99509124 0.02150269
 3.99202749 0.00000000
