 6.45833399 0.00000000
 6.40211332 0.30585950
 6.33151273 0.47154153
 6.24065788 0.61280939
 6.13960502 0.72576301
 6.04832127 0.80340765
 5.92518153 0.88285537
 5.76833868 0.95199757
 5.61570914 0.99093058
 5.46947299 1.00540210
 5.33293692 0.99972342
 5.16825993 0.96698525
 5.03959739 0.92068730
 4.92608198 0.86167486
 4.79242496 0.76452748
 4.68618995 0.66021185
 4.59228227 0.53120873
 4.53095973 0.39431226
 4.50701043 0.30548694
 4.47950764 0.18770887
 4.46806760 0.15529533
 4.44398169 0.10932829
 4.40850747 0.05833468
 4.38556589 0.00000000
