 4.96171930 0.00000000
 4.94594672 0.15978053
 4.89916178 0.33327766
 4.81137811 0.51898964
 4.74003774 0.62256168
 4.64368457 0.72814691
 4.52080550 0.82787908
 4.41233175 0.89292729
 4.28324232 0.94826069
 4.13560007 0.98758112
 3.95462128 1.00458293
 3.80826653 0.99406648
 3.68214727 0.96731719
 3.57509827 0.93059386
 3.45093690 0.86948871
 3.33377215 0.78979942
 3.21416385 0.67797512
 3.13029521 0.57149119
 3.06244687 0.45525923
 3.01199319 0.33183077
 2.97406628 0.18885489
 2.94666312 0.00000000
