 4.91868829 0.00000000
 4.90432788 0.15225793
 4.86089019 0.31981559
 4.77935166 0.50028151
 4.71294316 0.60183613
 4.62261012 0.70667278
 4.50622287 0.80755312
 4.40259834 0.87495663
 4.27800632 0.93421752
 4.13378741 0.97897370
 3.95458828 1.00352818
 3.80761896 0.99927937
 3.67948231 0.97767267
 3.56958395 0.94495293
 3.44082704 0.88769984
 3.31803103 0.81048333
 3.19124967 0.69937789
 3.09199104 0.57803329
 3.03561854 0.48649017
 2.97340421 0.34477276
 2.93315777 0.19829552
 2.90391947 0.00000000
