 5.74049665 0.00000000
 5.72786520 0.14036570
 5.66767565 0.35623032
 5.60254943 0.49527897
 5.51193780 0.62873475
 5.40005350 0.74745315
 5.26863704 0.84759678
 5.13584902 0.91877489
 5.00790940 0.96559878
 4.87025967 0.99518230
 4.73270522 1.00509961
 4.59819995 0.99666245
 4.45633520 0.96760486
 4.32117576 0.91855117
 4.19792580 0.85273678
 4.07915374 0.76550916
 4.00224238 0.69191318
 3.92391310 0.59802693
 3.82090722 0.41912906
 3.77667505 0.27512932
 3.74885811 0.15389312
 3.72297566 0.08170338
 3.71317062 0.06293750
 3.69283850 0.02595860
 3.68656876 0.00167388
 3.68654719 0.00000000
