 1.77986857 0.00000000
 1.76454006 0.17096506
 1.72226138 0.33300863
 1.66401625 0.46641704
 1.58900049 0.58727148
 1.50001362 0.69376958
 1.35051528 0.82151219
 1.19293554 0.91127333
 1.03464231 0.96776238
 0.88200491 0.99570416
 0.74336318 1.00041017
 0.61482405 0.98744013
 0.49773405 0.96059994
 0.34922352 0.90386718
 0.22678814 0.83451275
 0.12659621 0.75858582
 0.04504478 0.67975991
-0.04883909 0.56131181
-0.13513739 0.40536239
-0.18790476 0.25463888
-0.21474617 0.10905785
-0.22039965 0.00000000
