 6.12861021 0.00000000
 6.09919122 0.21746237
 6.03162540 0.41305868
 5.94637733 0.56547377
 5.85878053 0.67678518
 5.69727977 0.81973655
 5.57936564 0.89221266
 5.45546219 0.94626204
 5.32909768 0.98252913
 5.16097063 1.00458173
 5.01590550 1.00044881
 4.87586425 0.97635242
 4.75009829 0.93655978
 4.63908575 0.88485189
 4.53301093 0.81825134
 4.44083810 0.74329695
 4.34481953 0.64332485
 4.27900626 0.55402681
 4.21297857 0.42643722
 4.17701824 0.30647069
 4.15183813 0.19973206
 4.12651187 0.13093237
 4.10534609 0.09128597
 4.07278098 0.03203344
 4.06601714 0.00790027
 4.06562231 0.00000000
