 5.79434341 0.00000000
 5.78004340 0.14949519
 5.71420083 0.37467533
 5.64275838 0.51863231
 5.54380198 0.65516253
 5.42316966 0.77405082
 5.28312549 0.87143859
 5.14379707 0.93783242
 5.01141630 0.97883408
 4.87098348 1.00131699
 4.73274310 1.00392215
 4.59949261 0.98844815
 4.46104357 0.95242104
 4.33109008 0.89771858
 4.21415095 0.82807351
 4.11285203 0.74771367
 4.01859504 0.65035316
 3.93527126 0.53602096
 3.87151645 0.41143688
 3.83907085 0.31080625
 3.80773843 0.17019068
 3.77794225 0.09032041
 3.74281642 0.01897982
 3.73949865 0.00457390
 3.73928564 0.00069809
 3.73928269 0.00000000
