 5.72972945 0.00000000
 5.71741141 0.13859642
 5.65829294 0.35262471
 5.59435940 0.49069549
 5.50535240 0.62349269
 5.39517382 0.74210214
 5.26547536 0.84269849
 5.13403101 0.91474632
 5.00703624 0.96266523
 4.87002801 0.99362280
 4.73270400 1.00499179
 4.59803766 0.99797694
 4.45557633 0.97036062
 4.31943160 0.92251393
 4.19495117 0.85754643
 4.07465470 0.77080968
 3.99658814 0.69727723
 3.91699654 0.60317737
 3.83061623 0.46382398
 3.78174895 0.33825086
 3.74659706 0.18838011
 3.71826056 0.09524006
 3.70493739 0.06750143
 3.68035995 0.02102359
 3.67603101 0.00202697
 3.67599785 0.00000000
