 5.45477528 0.00000000
 5.41177712 0.26957909
 5.34677066 0.43923589
 5.24406675 0.60650926
 5.15502210 0.70932364
 5.05928227 0.79404991
 4.96044059 0.86162433
 4.84692133 0.92039576
 4.72493335 0.96479859
 4.59628335 0.99325476
 4.44945678 1.00484536
 4.29725348 0.99431898
 4.14689595 0.95992007
 3.99004669 0.89611021
 3.88104723 0.83152738
 3.76472119 0.73859225
 3.63498063 0.59157323
 3.56818020 0.48506365
 3.50765732 0.34122623
 3.46194487 0.15956361
 3.45253446 0.11595716
 3.43762978 0.07571753
 3.41931828 0.04012699
 3.40677589 0.00000000
