 5.54928800 0.00000000
 5.49779829 0.29617342
 5.45070298 0.41840255
 5.38538630 0.53866529
 5.30139486 0.65238342
 5.19930260 0.75621965
 5.09130336 0.83857414
 4.98218330 0.90120335
 4.85937761 0.95216360
 4.73027698 0.98641523
 4.59741427 1.00317969
 4.44966878 1.00113946
 4.30073708 0.97671730
 4.15772935 0.92999054
 4.01258807 0.85602150
 3.91425671 0.78664402
 3.81142282 0.69163796
 3.69906466 0.54780082
 3.64599825 0.45356669
 3.60615260 0.35476947
 3.57791223 0.25258224
 3.54862882 0.12361324
 3.53510176 0.08357060
 3.51572057 0.04606393
 3.49921162 0.00000000
