 5.79165062 0.00000000
 5.77743819 0.14902737
 5.71189053 0.37373639
 5.64077817 0.51744766
 5.54225169 0.65383350
 5.42206511 0.77272882
 5.28245288 0.87027430
 5.14344359 0.93692453
 5.01127287 0.97823068
 4.87096180 1.00107682
 4.73273719 1.00404882
 4.59940633 0.98892293
 4.46077004 0.95323402
 4.33054608 0.89879841
 4.21328552 0.82932901
 4.11164947 0.74904983
 4.01703279 0.65167932
 3.93333634 0.53722611
 3.86921465 0.41236830
 3.83654603 0.31143337
 3.80521092 0.17087156
 3.77537302 0.08998465
 3.74043801 0.01977699
 3.73688992 0.00484765
 3.73664915 0.00072695
 3.73664592 0.00000000
