 2.32574494 0.00000000
 2.30494464 0.19691151
 2.26095409 0.35032578
 2.21101775 0.46310498
 2.11952611 0.60710875
 2.01738208 0.72181311
 1.90796185 0.81318503
 1.79237532 0.88500523
 1.67424242 0.93818800
 1.50956046 0.98429298
 1.35715293 1.00113018
 1.21998290 0.99633817
 1.04780880 0.96286509
 0.90885693 0.91143583
 0.80063113 0.85372483
 0.67608736 0.76315110
 0.57457863 0.66323430
 0.49648999 0.56233449
 0.43852290 0.46524914
 0.37050138 0.30115823
 0.33399882 0.13764907
 0.32478102 0.00000000
