 4.75741703 0.00000000
 4.74742757 0.12664597
 4.71461812 0.27302573
 4.65273492 0.43430084
 4.57346239 0.57168010
 4.43915413 0.72838412
 4.35362364 0.80116773
 4.24742903 0.87141481
 4.11910794 0.93318941
 3.95169114 0.98349607
 3.80720188 1.00266288
 3.67548719 1.00164280
 3.55795439 0.98602148
 3.41448230 0.94686348
 3.27167249 0.88310748
 3.16097734 0.81321845
 3.07516426 0.74298883
 2.99100811 0.65568196
 2.91712633 0.55728350
 2.85563578 0.44916090
 2.81253804 0.34522835
 2.78044423 0.23483038
 2.75573822 0.11415857
 2.74357605 0.00000000
