 1.52599563 0.00000000
 1.51685573 0.13257921
 1.49078546 0.26160164
 1.43152945 0.42368351
 1.34736182 0.57017499
 1.24308320 0.69699517
 1.12566951 0.80045609
 0.99906557 0.88138289
 0.86779901 0.94023031
 0.67375859 0.98965360
 0.49004774 1.00006297
 0.32240443 0.97985096
 0.17335225 0.93659827
 0.04333266 0.87668958
-0.06840463 0.80508324
-0.16322023 0.72550331
-0.24266752 0.64064061
-0.30828477 0.55238818
-0.36144937 0.46204927
-0.42032102 0.32467525
-0.46462368 0.13960686
-0.47413632 0.00000000
