 3.51074977 0.00000000
 3.49807982 0.14828822
 3.44532840 0.34606129
 3.40100983 0.44909707
 3.31761862 0.58721896
 3.21958546 0.70343661
 3.07318061 0.82628458
 2.90726405 0.91876540
 2.73014425 0.97753534
 2.58365327 1.00003730
 2.45071899 1.00154446
 2.33276581 0.98804108
 2.19076814 0.95226252
 2.03367855 0.88458990
 1.91844987 0.81220367
 1.83303434 0.74240401
 1.74714892 0.65340406
 1.66814728 0.54722542
 1.58949938 0.39979274
 1.54369496 0.26818360
 1.51674020 0.13525625
 1.50466806 0.00000000
