 4.55847834 0.00000000
 4.54451104 0.15195763
 4.48524371 0.36211571
 4.42910689 0.48342634
 4.33119344 0.62977048
 4.23085870 0.73750318
 4.07830959 0.85360267
 3.93374001 0.92763313
 3.80167024 0.97202286
 3.67469926 0.99638936
 3.55564650 1.00411496
 3.40231257 0.99320313
 3.24021184 0.95485444
 3.10755193 0.90072019
 2.99977162 0.83886495
 2.87740727 0.74330925
 2.80354729 0.66812436
 2.70313637 0.53262742
 2.64030361 0.41229163
 2.59454443 0.28379147
 2.56313859 0.14923089
 2.54571711 0.00000000
