 1.38711921 0.00000000
 1.38025959 0.11528259
 1.36030335 0.22870938
 1.31464356 0.37314829
 1.24870345 0.50733344
 1.16504770 0.62825000
 1.06822059 0.73224245
 0.96055833 0.81943084
 0.84514992 0.88920141
 0.66705974 0.96041138
 0.48965464 0.99520151
 0.31968969 0.99826440
 0.16162099 0.97483051
 0.01803982 0.93002160
-0.10985322 0.86841841
-0.22180497 0.79390635
-0.31814455 0.70965137
-0.39951631 0.61816287
-0.46669151 0.52139030
-0.52044210 0.42083042
-0.56146900 0.31762153
-0.59036918 0.21259710
-0.60744630 0.10683375
-0.61298630 0.00000000
