 2.39536222 0.00000000
 2.37143655 0.21111991
 2.32148452 0.37361994
 2.26481637 0.49215201
 2.16209338 0.64095851
 2.04915647 0.75640890
 1.92991113 0.84546012
 1.80597075 0.91253834
 1.68142528 0.95929464
 1.51122189 0.99481408
 1.35718078 1.00113347
 1.22130580 0.98694044
 1.05438137 0.94257920
 0.92248874 0.88387650
 0.82147883 0.82191048
 0.70707006 0.72863890
 0.61518653 0.62900727
 0.54533178 0.53058850
 0.49395683 0.43733830
 0.43416280 0.28187596
 0.40233286 0.12866663
 0.39429619 0.00000000
