 6.83787827 0.00000000
 6.83143076 0.09489585
 6.80177641 0.24325654
 6.72807339 0.43805202
 6.64519840 0.57943573
 6.54372486 0.70154342
 6.43219991 0.80035783
 6.26809439 0.90216538
 6.13289549 0.95708371
 5.96755319 0.99575897
 5.78048160 1.00504697
 5.62021310 0.98530347
 5.48338953 0.94666713
 5.36817868 0.89669624
 5.24275701 0.82079387
 5.15415856 0.74990498
 5.03525716 0.62438016
 4.93070481 0.44918815
 4.88571795 0.30056600
 4.86182980 0.18237735
 4.84895281 0.14525173
 4.83889893 0.12515652
 4.82331493 0.10185033
 4.80119045 0.07635590
 4.76668334 0.03733075
 4.75628000 0.01673191
 4.75339562 0.00000000
