 2.52393979 0.00000000
 2.50982380 0.16074212
 2.47565771 0.30118697
 2.42993221 0.42000267
 2.35864446 0.54898540
 2.23262879 0.70472436
 2.09832947 0.81866208
 1.96083089 0.90016781
 1.82264534 0.95544466
 1.68834930 0.98790172
 1.51179368 1.00192067
 1.35859306 0.98860044
 1.22837239 0.95803998
 1.07437578 0.89626276
 0.95705567 0.82711202
 0.86975869 0.75988650
 0.77339244 0.66462928
 0.69780973 0.56764467
 0.61993415 0.43255057
 0.55359044 0.24927268
 0.52890387 0.11360800
 0.52265381 0.00000000
