 7.24492233 0.00000000
 7.22807689 0.15691606
 7.19316846 0.29614343
 7.12740823 0.45404194
 7.02339639 0.61790547
 6.92215935 0.73002765
 6.80970770 0.82193899
 6.69193056 0.89364063
 6.57908430 0.94372954
 6.44804082 0.98230933
 6.30126325 1.00379405
 6.14366302 1.00267265
 5.97429286 0.97318617
 5.80809205 0.91331780
 5.68353975 0.84437539
 5.54963476 0.74040621
 5.44421088 0.62782905
 5.37976407 0.53467723
 5.32654442 0.42515307
 5.29395237 0.31014755
 5.27450776 0.19000187
 5.26824510 0.16389134
 5.25918284 0.13859948
 5.24648687 0.11487740
 5.23166630 0.09535062
 5.20511846 0.07110995
 5.16203151 0.03645604
 5.14558484 0.00701717
 5.14487442 0.00000000
