 2.90708491 0.00000000
 2.89297620 0.15900036
 2.85774267 0.30271178
 2.80809279 0.42938843
 2.71746331 0.58383321
 2.58390072 0.73526211
 2.44574605 0.84259977
 2.30662451 0.91758920
 2.17293219 0.96541573
 1.99297325 0.99839982
 1.83254910 0.99989105
 1.69311312 0.97998058
 1.53056427 0.93014304
 1.40565266 0.86933935
 1.30950663 0.80627569
 1.20592685 0.71788683
 1.10746307 0.60596097
 1.03859408 0.50171781
 0.98751195 0.40000358
 0.93895173 0.26023817
 0.91172915 0.11523806
 0.90518423 0.00000000
