 1.71303913 0.00000000
 1.69964961 0.15992938
 1.66239845 0.31270275
 1.61088864 0.43951602
 1.54395147 0.55601309
 1.46374052 0.66053314
 1.32691795 0.78962324
 1.17986765 0.88481607
 1.02909531 0.94938129
 0.88072194 0.98663205
 0.74333830 1.00047506
 0.61366394 0.99606728
 0.49357011 0.97669325
 0.33845939 0.92838346
 0.20816935 0.86442281
 0.09989777 0.79126567
 0.01062849 0.71310097
-0.09339808 0.59274606
-0.19024939 0.43068704
-0.25004093 0.27158610
-0.28069740 0.11635176
-0.28718102 0.00000000
