 6.68177470 0.00000000
 6.67262013 0.11584906
 6.59810306 0.37958325
 6.53430868 0.50871482
 6.45539984 0.62426840
 6.36555990 0.72332796
 6.22842594 0.83449642
 6.11044043 0.90272585
 5.95974378 0.96247766
 5.77997486 0.99957510
 5.61747235 1.00465595
 5.47195121 0.98680919
 5.34437507 0.95247999
 5.19978226 0.89027626
 5.09385663 0.82573566
 5.00490144 0.75556414
 4.92092816 0.67352537
 4.84268470 0.57425439
 4.77758541 0.45575667
 4.73580190 0.32830439
 4.71535307 0.23021568
 4.70111211 0.17337252
 4.68488758 0.13385084
 4.67118060 0.11069875
 4.64227430 0.07345151
 4.60235210 0.00000000
