 0.79923329 0.00000000
 0.79178613 0.04218516
 0.78398743 0.13315620
 0.77559142 0.19018936
 0.76115136 0.25304490
 0.74255108 0.31452150
 0.71970387 0.37501653
 0.69269936 0.43418815
 0.66158184 0.49178937
 0.62639333 0.54756666
 0.58718151 0.60125880
 0.54400416 0.65259495
 0.49693270 0.70129376
 0.44605531 0.74706313
 0.39147998 0.78960047
 0.33333782 0.82859335
 0.27178632 0.86372070
 0.20701292 0.89465455
 0.13923856 0.92106244
 0.06872121 0.94261056
-0.00424071 0.95896772
-0.07930515 0.96981011
-0.15608379 0.97482704
-0.23413996 0.97372757
-0.31298742 0.96624801
-0.39209033 0.95216025
-0.47086453 0.93128076
-0.54868040 0.90348006
-0.62486764 0.86869235
-0.69872202 0.82692499
-0.76951421 0.77826734
-0.83650084 0.72289851
-0.89893745 0.66109333
-0.95609291 0.59322679
-1.00726713 0.51977063
-1.05179588 0.44131701
-1.08911226 0.35840322
-1.11853614 0.27241719
-1.13983180 0.18036951
-1.15081198 0.09866873
-1.17152027 0.00000000
