 2.59827885 0.00000000
 2.56573157 0.24930003
 2.51637492 0.39779284
 2.44620557 0.53539303
 2.35805483 0.65819984
 2.22507282 0.79027891
 2.08096323 0.88976514
 1.93286470 0.95867103
 1.79311838 0.99914498
 1.66079100 1.01802747
 1.53866633 1.01954285
 1.38151568 0.99905251
 1.25002149 0.96113967
 1.09786552 0.88995552
 0.98505503 0.81385916
 0.90296186 0.74196873
 0.81520993 0.64358895
 0.74819140 0.54632848
 0.68053241 0.41368102
 0.63306041 0.27359561
 0.60748402 0.15040906
 0.59382905 0.00000000
