 6.53102931 0.00000000
 6.52481812 0.09573425
 6.46692774 0.32863376
 6.38730224 0.50222652
 6.28483653 0.64827766
 6.17260094 0.76191698
 6.07265538 0.83767129
 5.94007104 0.91212819
 5.77451830 0.97219445
 5.61708729 1.00071281
 5.46951022 1.00473658
 5.33451246 0.98923439
 5.17512422 0.94576110
 5.05313515 0.89240854
 4.94763018 0.82853951
 4.82480119 0.72839306
 4.71607048 0.60793320
 4.63568832 0.47488153
 4.59879284 0.37961765
 4.57633429 0.29051468
 4.54576237 0.16573009
 4.52810510 0.12677327
 4.49274440 0.07489573
 4.47006283 0.04253025
 4.45859489 0.01651009
 4.45616924 0.00000000
