 1.37643875 0.00000000
 1.36972978 0.11404849
 1.35018110 0.22634477
 1.30543326 0.36947704
 1.24074188 0.50268663
 1.15853777 0.62304390
 1.06320973 0.72691613
 0.95698785 0.81439533
 0.84285511 0.88481685
 0.66618296 0.95748118
 0.48952657 0.99403989
 0.31965063 0.99890813
 0.16110955 0.97710984
 0.01663280 0.93363198
-0.11243420 0.87298808
-0.22570576 0.79904577
-0.32340039 0.71498706
-0.40607518 0.62335751
-0.47443576 0.52615310
-0.52920655 0.42492113
-0.57105464 0.32085162
-0.60055494 0.21482790
-0.61800067 0.10795760
-0.62366488 0.00000000
