 6.71407537 0.00000000
 6.70944328 0.08064972
 6.68568703 0.21301061
 6.62554517 0.39118497
 6.55820395 0.52288660
 6.47495717 0.64005924
 6.38081563 0.73945096
 6.23813315 0.84929762
 6.11639508 0.91523940
 5.96224120 0.97108745
 5.78027939 1.00267529
 5.61760737 1.00258007
 5.47336966 0.98018916
 5.34802358 0.94225467
 5.20714243 0.87672234
 5.10486936 0.81043559
 5.01928588 0.73950134
 4.90837217 0.62044202
 4.80764081 0.45059514
 4.76630559 0.32117403
 4.74649581 0.22373318
 4.73679587 0.18324060
 4.72458462 0.14850675
 4.70991572 0.11994543
 4.69267141 0.09520987
 4.66110603 0.05760117
 4.63363900 0.00000000
