 2.90976405 0.00000000
 2.89557547 0.15944847
 2.86017177 0.30348758
 2.81028236 0.43041961
 2.71923215 0.58509949
 2.58513666 0.73659588
 2.44653313 0.84381836
 2.30705900 0.91857550
 2.17312584 0.96610871
 1.99299470 0.99863808
 1.83256267 0.99970090
 1.69323194 0.97942942
 1.53093772 0.92921612
 1.40631926 0.86818276
 1.31045554 0.80499644
 1.20723484 0.71655016
 1.10916699 0.60467514
 1.04060458 0.50056196
 0.98976486 0.39902764
 0.94145148 0.25957453
 0.91437198 0.11493818
 0.90786012 0.00000000
