 0.72265214 0.00000000
 0.71951670 0.03011867
 0.71328561 0.12710491
 0.70654981 0.17748375
 0.69419266 0.23586735
 0.67801320 0.29336286
 0.65801309 0.35021140
 0.63424534 0.40612526
 0.60673170 0.46088282
 0.57547545 0.51427374
 0.54047668 0.56607899
 0.50173692 0.61606724
 0.45926378 0.66399164
 0.41307468 0.70958815
 0.36320058 0.75257438
 0.30968993 0.79264893
 0.25261296 0.82949120
 0.19206629 0.86276171
 0.12817802 0.89210322
 0.06111307 0.91714251
-0.00892108 0.93749334
-0.08166857 0.95276038
-0.15681937 0.96254460
-0.23400373 0.96645010
-0.31278713 0.96409255
-0.39266636 0.95510931
-0.47306683 0.93917131
-0.55334192 0.91599639
-0.63277467 0.88536406
-0.71058264 0.84713118
-0.78592605 0.80124782
-0.85791999 0.74777274
-0.92565060 0.68688701
-0.98819420 0.61890683
-1.04464635 0.54427753
-1.09411504 0.46365036
-1.13588109 0.37739958
-1.16878535 0.28814408
-1.19269775 0.18649039
-1.20111209 0.11312153
-1.26998125 0.00000000
