 1.39219284 0.00000000
 1.40070124 0.09092590
 1.37550422 0.24008209
 1.34284296 0.34294425
 1.29641310 0.44954655
 1.23950562 0.54717693
 1.17310391 0.63633553
 1.09888858 0.71588881
 1.01849168 0.78530933
 0.93351423 0.84435040
 0.84547118 0.89303669
 0.75574245 0.93161678
 0.66555150 0.96051338
 0.57595238 0.98027610
 0.48782960 0.99153863
 0.40190552 0.99498208
 0.31875331 0.99130517
 0.23881297 0.98120095
 0.16240867 0.96533963
 0.08976616 0.94435657
 0.02102934 0.91884459
-0.04372460 0.88934965
-0.10447163 0.85636918
-0.16122909 0.82035233
-0.21404559 0.78170156
-0.26299255 0.74077514
-0.30815711 0.69789023
-0.34963632 0.65332626
-0.38753248 0.60732845
-0.42194928 0.56011125
-0.45298885 0.51186173
-0.48074930 0.46274283
-0.50532271 0.41289650
-0.52679392 0.36244613
-0.54523504 0.31150495
-0.56071525 0.26016851
-0.57329490 0.20844135
-0.58286464 0.15698576
-0.58802695 0.11363722
-0.59346363 0.00708846
-0.59521465 0.00000000
