 0.80755196 0.00000000
 0.79943323 0.04381077
 0.79148818 0.13379985
 0.78288326 0.19161300
 0.76820995 0.25492985
 0.74933656 0.31683569
 0.72617009 0.37771989
 0.69880332 0.43723685
 0.66728354 0.49513564
 0.63165771 0.55115769
 0.59197959 0.60503709
 0.54831392 0.65649888
 0.50073989 0.70525835
 0.44935412 0.75102092
 0.39427364 0.79348257
 0.33563898 0.83233061
 0.27361745 0.86724496
 0.20840644 0.89790010
 0.14023680 0.92396749
 0.06937616 0.94511888
-0.00386794 0.96103023
-0.07914518 0.97138660
-0.15606008 0.97588777
-0.23417032 0.97425479
-0.31298589 0.96623726
-0.39196934 0.95162148
-0.47053741 0.93023898
-0.54806415 0.90197562
-0.62388589 0.86678066
-0.69730798 0.82467559
-0.76761366 0.77576240
-0.83407480 0.72023056
-0.89596451 0.65836243
-0.95257102 0.59053699
-1.00321443 0.51722654
-1.04725200 0.43901755
-1.08413363 0.35645193
-1.11321510 0.27084400
-1.13424965 0.17956047
-1.14527314 0.09751559
-1.16429395 0.00000000
