 0.84818594 0.00000000
 0.83708543 0.05244836
 0.82871852 0.13705862
 0.81896858 0.19889620
 0.80311961 0.26446608
 0.78284643 0.32852324
 0.75804701 0.39134588
 0.72882705 0.45257573
 0.69525205 0.51193809
 0.65739693 0.56914823
 0.61534876 0.62391678
 0.56921014 0.67594887
 0.51910175 0.72494429
 0.46516477 0.77059806
 0.40756323 0.81260145
 0.34648648 0.85064334
 0.28215162 0.88441208
 0.21480591 0.91359780
 0.14472912 0.93789538
 0.07223562 0.95700785
-0.00232382 0.97065052
-0.07856062 0.97855559
-0.15604760 0.98047740
-0.23431882 0.97619826
-0.31287031 0.96553458
-0.39116179 0.94834354
-0.46861952 0.92452978
-0.54464037 0.89405221
-0.61859729 0.85693051
-0.68984604 0.81325118
-0.75773340 0.76317275
-0.82160655 0.70692989
-0.88082366 0.64483609
-0.93476507 0.57728487
-0.98284606 0.50474646
-1.02452300 0.42777843
-1.05932596 0.34692980
-1.08676185 0.26322175
-1.10654594 0.17536633
-1.11755105 0.09245172
-1.13065309 0.00000000
