 4.22750018 0.00000000
 4.20082397 0.21431313
 4.15652514 0.35892199
 4.10124759 0.47909301
 4.04166207 0.57564389
 3.94530161 0.69359987
 3.84607057 0.78436579
 3.69448498 0.88440569
 3.54353813 0.95021883
 3.39926152 0.98767505
 3.22973139 1.00384687
 3.07586994 0.99329679
 2.93922141 0.96338794
 2.76899507 0.89601705
 2.65776300 0.83014099
 2.54083808 0.73661987
 2.44314278 0.63113144
 2.37995276 0.54279608
 2.30730807 0.40485111
 2.26097442 0.27118263
 2.23509716 0.16183351
 2.21693401 0.00000000
