 0.87454608 0.00000000
 0.86252775 0.05833134
 0.85413814 0.13943312
 0.84351457 0.20406481
 0.82684945 0.27115490
 0.80557842 0.33670099
 0.77961619 0.40085500
 0.74907560 0.46325326
 0.71403889 0.52360105
 0.67460356 0.58159500
 0.63088281 0.63692973
 0.58300822 0.68929753
 0.53113170 0.73838902
 0.47542739 0.78389416
 0.41609355 0.82550354
 0.35335440 0.86291015
 0.28746201 0.89581145
 0.21869793 0.92391195
 0.14737474 0.94692621
 0.07383731 0.96458229
-0.00153632 0.97662570
-0.07833452 0.98282373
-0.15611219 0.98297021
-0.23439158 0.97689055
-0.31266386 0.96444712
-0.39039155 0.94554465
-0.46701197 0.92013567
-0.54194163 0.88822580
-0.61458168 0.84987861
-0.68432442 0.80521992
-0.75056075 0.75444134
-0.81268854 0.69780270
-0.87012173 0.63563333
-0.92229977 0.56833200
-0.96869802 0.49636360
-1.00883381 0.42026517
-1.04228831 0.34057973
-1.06865057 0.25817855
-1.08762892 0.17239863
-1.09847812 0.08950117
-1.10893743 0.00000000
