 0.84330646 0.00000000
 0.83249352 0.05136722
 0.82414957 0.13664854
 0.81454949 0.19798351
 0.79884610 0.26327940
 0.77874863 0.32707066
 0.75415400 0.38965475
 0.72516652 0.45067449
 0.69184910 0.50985850
 0.65427292 0.56692533
 0.61252064 0.62158850
 0.56668992 0.67355552
 0.51689610 0.72252796
 0.46327463 0.76820194
 0.40598359 0.81026908
 0.34520617 0.84841780
 0.28115327 0.88233508
 0.21406599 0.91170882
 0.14421816 0.93623066
 0.07191851 0.95559947
-0.00248728 0.96952538
-0.07861506 0.97773455
-0.15604119 0.97997441
-0.23430223 0.97601958
-0.31289548 0.96567827
-0.39128057 0.94879899
-0.46888215 0.92527761
-0.54509390 0.89506434
-0.61928393 0.85817063
-0.69080163 0.81467547
-0.75898589 0.76473097
-0.82317469 0.70856680
-0.88271599 0.64649316
-0.93697915 0.57890225
-0.98536825 0.50626493
-1.02732814 0.42914241
-1.06237939 0.34808397
-1.09001248 0.26414149
-1.10994562 0.17589289
-1.12096887 0.09302150
-1.13463845 0.00000000
