 6.07464352 0.00000000
 6.04832810 0.20509577
 5.98654503 0.39318454
 5.90873093 0.54082264
 5.82836961 0.65012100
 5.67800731 0.79396678
 5.56675544 0.86945436
 5.44841891 0.92813569
 5.32600493 0.97004973
 5.16067288 1.00069439
 5.01560778 1.00436082
 4.87343987 0.98750322
 4.74387142 0.95376358
 4.62794174 0.90663504
 4.51584571 0.84330133
 4.41744302 0.76994774
 4.33371839 0.69076315
 4.25555296 0.59814798
 4.17496318 0.46377956
 4.12699973 0.32411090
 4.10713295 0.23666068
 4.08793400 0.16948765
 4.06388717 0.11422939
 4.02440272 0.04182295
 4.01487546 0.01643518
 4.01305961 0.00000000
