 0.74099564 0.00000000
 0.73719796 0.03257282
 0.73061160 0.12858155
 0.72351287 0.18048373
 0.71066965 0.23997829
 0.69392338 0.29843897
 0.67325335 0.35617713
 0.64872224 0.41288958
 0.62035680 0.46835003
 0.58816868 0.52233834
 0.55216820 0.57462551
 0.51236917 0.62497054
 0.46879331 0.67311775
 0.42147389 0.71879555
 0.37045942 0.76171558
 0.31581744 0.80157245
 0.25763861 0.83804382
 0.19604121 0.87079123
 0.13117583 0.89946146
 0.06323037 0.92368882
-0.00756471 0.94309836
-0.08093128 0.95731019
-0.15653839 0.96594502
-0.23399767 0.96863111
-0.31285928 0.96501263
-0.39260901 0.95475947
-0.47266673 0.93757850
-0.55238677 0.91322609
-0.63106067 0.88152163
-0.70792261 0.84236160
-0.78215808 0.79573364
-0.85291591 0.74172990
-0.91932380 0.68055850
-0.98050629 0.61255376
-1.03561035 0.53817179
-1.08380325 0.45804674
-1.12439782 0.37262447
-1.15638289 0.28408065
-1.17959910 0.18537898
-1.18925778 0.10878837
-1.23534557 0.00000000
