 3.56170706 0.00000000
 3.54756016 0.15668393
 3.48986191 0.36292152
 3.44137231 0.46970015
 3.35041149 0.61157306
 3.24458389 0.72886978
 3.08860529 0.84965888
 2.91467626 0.93669191
 2.73222405 0.98757437
 2.58381099 1.00276201
 2.45104609 0.99754125
 2.33472623 0.97826981
 2.19654614 0.93613659
 2.04596474 0.86283155
 1.93701902 0.78772871
 1.85709840 0.71702581
 1.77738817 0.62844216
 1.70463237 0.52431852
 1.63278563 0.38165519
 1.59134265 0.25575215
 1.56657888 0.12778479
 1.55548643 0.00000000
