 0.85912157 0.00000000
 0.84749776 0.05488943
 0.83910342 0.13800759
 0.82900422 0.20098948
 0.81282315 0.26718082
 0.79214647 0.33184427
 0.76687688 0.39520995
 0.73712304 0.45691725
 0.70295681 0.51668363
 0.66446196 0.57421679
 0.62173593 0.62922082
 0.57489280 0.68139551
 0.52406575 0.73043674
 0.46940917 0.77603725
 0.41110088 0.81788779
 0.34934432 0.85567857
 0.28437079 0.88910133
 0.21644156 0.91785173
 0.14584990 0.94163228
 0.07292277 0.96015592
-0.00197766 0.97314996
-0.07845309 0.98036066
-0.15606863 0.98155831
-0.23435309 0.97654271
-0.31280006 0.96514905
-0.39086994 0.94725403
-0.46799310 0.92278209
-0.54357404 0.89171154
-0.61699695 0.85408041
-0.68763234 0.80999175
-0.75484497 0.75961813
-0.81800283 0.70320505
-0.87648710 0.64107296
-0.92970265 0.57361797
-0.97708978 0.50130845
-1.01813039 0.42469368
-1.05237580 0.34432107
-1.07936829 0.26114656
-1.09881838 0.17416088
-1.10977011 0.09120312
-1.12169729 0.00000000
