 0.87795284 0.00000000
 0.86590822 0.05908436
 0.85752407 0.13976411
 0.84677982 0.20476448
 0.83000509 0.27205719
 0.80859853 0.33780285
 0.78247829 0.40213479
 0.75175821 0.46468861
 0.71652303 0.52516675
 0.67687350 0.58326332
 0.63292654 0.63867081
 0.58481776 0.69107987
 0.53270342 0.74018001
 0.47676220 0.78566064
 0.41719704 0.82721244
 0.35423691 0.86452914
 0.28813857 0.89730963
 0.21918814 0.92526056
 0.14770253 0.94809935
 0.07403055 0.96555763
-0.00144627 0.97738511
-0.07831344 0.98335393
-0.15612371 0.98326328
-0.23439802 0.97694440
-0.31262717 0.96426576
-0.39027436 0.94513836
-0.46677863 0.91952096
-0.54155934 0.88742521
-0.61402156 0.84892024
-0.68356256 0.80413683
-0.74957915 0.75327065
-0.81147589 0.69658457
-0.86867399 0.63440969
-0.92062053 0.56714525
-0.96679860 0.49525521
-1.00673325 0.41927384
-1.04001221 0.33974283
-1.06623442 0.25751587
-1.08510846 0.17199951
-1.09593104 0.08913393
-1.10609140 0.00000000
