 1.89780460 0.00000000
 1.90561117 0.08902880
 1.86158609 0.32041389
 1.80230343 0.44893724
 1.72890338 0.57178596
 1.63889936 0.68246426
 1.54032222 0.77431846
 1.43592718 0.84899204
 1.32936055 0.90704212
 1.22325752 0.94993351
 1.11966991 0.97934999
 1.02004176 0.99707373
 0.92532544 1.00484061
 0.83608030 1.00426232
 0.75256825 0.99678479
 0.67483413 0.98367387
 0.60277087 0.96601754
 0.53616995 0.94473799
 0.47475938 0.92060821
 0.41823159 0.89427036
 0.36626330 0.86625384
 0.31852938 0.83699210
 0.27471218 0.80683772
 0.23450759 0.77607564
 0.19762863 0.74493449
 0.16380742 0.71359632
 0.13279595 0.68220464
 0.10436608 0.65087130
 0.07830892 0.61968214
 0.05443403 0.58870170
 0.03256831 0.55797711
 0.01255481 0.52754128
-0.00574839 0.49741557
-0.02246941 0.46761198
-0.03772364 0.43813489
-0.05161482 0.40898260
-0.06423600 0.38014849
-0.07567043 0.35162206
-0.08599231 0.32338981
-0.09526750 0.29543602
-0.10355407 0.26774359
-0.11090267 0.24029496
-0.11735678 0.21307370
-0.12295249 0.18606777
-0.12771825 0.15927395
-0.13167441 0.13270315
-0.13479255 0.10667142
-0.13697010 0.08233131
-0.13847293 0.05628715
-0.14000564 0.00859274
-0.14017437 0.00000000
