 4.81115810 0.00000000
 4.79986006 0.13474250
 4.76381612 0.28799399
 4.69599196 0.45554997
 4.64066725 0.55151627
 4.56438518 0.65321262
 4.46364641 0.75510961
 4.37216374 0.82667034
 4.25966232 0.89391873
 4.12558189 0.95064752
 3.95341896 0.99291818
 3.80727201 1.00440616
 3.67602056 0.99637401
 3.56044543 0.97475091
 3.42134382 0.92896045
 3.28492432 0.85997645
 3.18062626 0.78738104
 3.10068103 0.71621647
 3.02292852 0.62936424
 2.95527011 0.53298072
 2.89952101 0.42848308
 2.86068411 0.32892909
 2.83134009 0.22271777
 2.80799542 0.10524928
 2.79706404 0.00000000
