 2.93923661 0.00000000
 2.92414201 0.16445255
 2.88681241 0.31213231
 2.83421120 0.44188992
 2.77357952 0.54873485
 2.69525186 0.65303703
 2.59838668 0.75123586
 2.45483201 0.85705315
 2.31152337 0.92912577
 2.17502793 0.97333785
 1.99315626 1.00079447
 1.83278839 0.99714416
 1.69473737 0.97295036
 1.53535550 0.91870991
 1.41400955 0.85526123
 1.32125755 0.79082045
 1.22196007 0.70184387
 1.12818306 0.59061176
 1.06292156 0.48796661
 1.01468295 0.38842079
 0.96900995 0.25238109
 0.94345558 0.11168927
 0.93729584 0.00000000
