 0.87174359 0.00000000
 0.85976395 0.05770911
 0.85137074 0.13916548
 0.84084516 0.20349485
 0.82426944 0.27041945
 0.80310873 0.33580264
 0.77727509 0.39981134
 0.74688057 0.46208244
 0.71200540 0.52232353
 0.67274447 0.58023329
 0.62920801 0.63550807
 0.58152431 0.68784153
 0.52984177 0.73692522
 0.47433083 0.78244956
 0.41518595 0.82410511
 0.35262751 0.86158428
 0.28690372 0.89458340
 0.21829240 0.92280526
 0.14710260 0.94596214
 0.07367594 0.96377924
-0.00161242 0.97599863
-0.07835323 0.98238370
-0.15610320 0.98272388
-0.23438566 0.97683987
-0.31269215 0.96458901
-0.39048471 0.94587092
-0.46719927 0.92063300
-0.54225006 0.88887592
-0.61503505 0.85065863
-0.68494248 0.80610287
-0.75135845 0.75539686
-0.81367535 0.69879792
-0.87130113 0.63663383
-0.92366896 0.56930296
-0.97024785 0.49727093
-1.01054875 0.42107704
-1.04414741 0.34126528
-1.07062465 0.25872172
-1.08968879 0.17272428
-1.10055883 0.08980558
-1.11127047 0.00000000
