 6.63330608 0.00000000
 6.62520183 0.10901277
 6.55646908 0.36264121
 6.49761981 0.48793979
 6.42488725 0.60086906
 6.34129126 0.69910660
 6.21236944 0.81170487
 6.10012327 0.88291114
 5.95493869 0.94802955
 5.77906625 0.99304683
 5.61743521 1.00583610
 5.47053813 0.99494902
 5.34000767 0.96634673
 5.19017125 0.90960243
 5.07885043 0.84811943
 4.98469973 0.77945396
 4.87134396 0.67208941
 4.80099370 0.58408433
 4.74470202 0.48896154
 4.70396902 0.38846161
 4.66865185 0.23988382
 4.64847472 0.16300457
 4.63476967 0.13217289
 4.61259562 0.09722398
 4.57606051 0.05079200
 4.55540304 0.00000000
