 0.81588009 0.00000000
 0.80708508 0.04549549
 0.79901150 0.13444756
 0.79018964 0.19305589
 0.77528094 0.25683259
 0.75613060 0.31917036
 0.73264065 0.38044533
 0.70490685 0.44030859
 0.67297967 0.49850497
 0.63691129 0.55477074
 0.59676172 0.60883529
 0.55260292 0.66041957
 0.50452210 0.70923553
 0.45262449 0.75498626
 0.39703633 0.79736646
 0.33790777 0.83606333
 0.27541604 0.87075807
 0.20976854 0.90112780
 0.14120605 0.92684822
 0.07000581 0.94759686
-0.00351562 0.96305718
-0.07899977 0.97292330
-0.15604428 0.97690571
-0.23420144 0.97473759
-0.31297777 0.96618199
-0.39183458 0.95103958
-0.47018984 0.92915692
-0.54742164 0.90043506
-0.62287317 0.86483805
-0.69585966 0.82240124
-0.76567701 0.77323884
-0.83161238 0.71755029
-0.89295638 0.65562504
-0.94901634 0.58784575
-0.99913233 0.51468488
-1.04268259 0.43672319
-1.07913372 0.35450597
-1.10787547 0.26927936
-1.12865100 0.17873422
-1.13969878 0.09640841
-1.15723517 0.00000000
