 0.75775739 0.00000000
 0.75315639 0.03502906
 0.74622251 0.12991922
 0.73877510 0.18324729
 0.72547888 0.24373701
 0.70820690 0.30307297
 0.68691753 0.36161504
 0.66168189 0.41904693
 0.63253147 0.47513745
 0.59948595 0.52965717
 0.56256567 0.58236791
 0.52179628 0.63301988
 0.47721305 0.68134966
 0.42886437 0.72707916
 0.37681532 0.76991520
 0.32115128 0.80954944
 0.26198192 0.84565889
 0.19944539 0.87790696
 0.13371273 0.90594520
 0.06499254 0.92941589
-0.00646439 0.94795551
-0.08036040 0.96119927
-0.15634665 0.96878680
-0.23401919 0.97036911
-0.31291585 0.96561671
-0.39251420 0.95422915
-0.47223097 0.93594567
-0.55142327 0.91055683
-0.62939206 0.87791693
-0.70538811 0.83795667
-0.77862093 0.79069566
-0.84827053 0.73625391
-0.91350235 0.67486159
-0.97348421 0.60686720
-1.02740921 0.53273386
-1.07449669 0.45308262
-1.11409376 0.36840071
-1.14530243 0.28056774
-1.16794572 0.18410246
-1.17825830 0.10540527
-1.21298179 0.00000000
