 0.72791312 0.00000000
 0.72460825 0.03080065
 0.71827787 0.12752904
 0.71143988 0.17834118
 0.69894456 0.23704533
 0.68260363 0.29481828
 0.66241243 0.35192286
 0.63842676 0.40806685
 0.61066982 0.46302734
 0.57914723 0.51659121
 0.54386193 0.56853662
 0.50481892 0.61862943
 0.46202976 0.66662023
 0.41551633 0.71224278
 0.36531457 0.75521291
 0.31147834 0.79522797
 0.25408368 0.83196678
 0.19323341 0.86509003
 0.12906206 0.89424149
 0.06174121 0.91904998
-0.00851503 0.93913234
-0.08144432 0.95409756
-0.15673049 0.96355213
-0.23399827 0.96710701
-0.31280857 0.96438597
-0.39265478 0.95503569
-0.47296049 0.93873744
-0.55307910 0.91522021
-0.63229586 0.88427513
-0.70983290 0.84577061
-0.78485753 0.79966779
-0.85649440 0.74603531
-0.92384155 0.68506233
-0.98598913 0.61707052
-1.04204736 0.54250869
-1.09114135 0.46202274
-1.13255989 0.37601115
-1.16518936 0.28694916
-1.18888622 0.18620981
-1.19773586 0.11180129
-1.25832502 0.00000000
