 6.90250623 0.00000000
 6.89490475 0.10315060
 6.86170497 0.26016227
 6.77964717 0.46404327
 6.68738371 0.61018072
 6.57545297 0.73384297
 6.45442283 0.83102184
 6.27936093 0.92664158
 6.13798950 0.97443436
 5.96839665 1.00297487
 5.78085603 1.00026998
 5.62370456 0.97072057
 5.49210393 0.92461679
 5.38296597 0.86956126
 5.26601159 0.78979845
 5.18419308 0.71766221
 5.11306253 0.64083977
 5.02454474 0.51027618
 4.97046931 0.38123741
 4.94786443 0.28859815
 4.93331518 0.20749285
 4.91609082 0.14889189
 4.90081641 0.11867864
 4.88018285 0.09137632
 4.84628250 0.05649408
 4.81853068 0.01582263
 4.81581817 0.00000000
