 0.71832692 0.00000000
 0.71531984 0.02956970
 0.70916901 0.12675623
 0.70251613 0.17678084
 0.69027171 0.23489994
 0.67422424 0.29216708
 0.65438050 0.34880465
 0.63079116 0.40452874
 0.60347680 0.45911870
 0.57243883 0.51236646
 0.53767499 0.56405533
 0.49918406 0.61395626
 0.45697043 0.66182451
 0.41104789 0.70739790
 0.36144338 0.75039554
 0.30820093 0.79051710
 0.25138601 0.82744251
 0.19109018 0.86083226
 0.12743623 0.89032831
 0.06058365 0.91555591
-0.00926560 0.93612632
-0.08186106 0.95164078
-0.15689782 0.96169579
-0.23401072 0.96588990
-0.31276919 0.96383214
-0.39267293 0.95515225
-0.47314901 0.93951264
-0.55355092 0.91662192
-0.63316011 0.88625002
-0.71119048 0.84824412
-0.78679659 0.80254505
-0.85908574 0.74920328
-0.92713443 0.68839303
-0.99000767 0.62042579
-1.04678911 0.54574382
-1.09657282 0.46500307
-1.13863436 0.37855520
-1.17177485 0.28914948
-1.19588369 0.18669452
-1.20387575 0.11425784
-1.28114551 0.00000000
