 0.71709151 0.00000000
 0.71411940 0.02941473
 0.70799129 0.12665666
 0.70136191 0.17658042
 0.68914954 0.23462383
 0.67313964 0.29182570
 0.65334043 0.34840294
 0.62980191 0.40407273
 0.60254434 0.45861470
 0.57156858 0.51182141
 0.53687172 0.56347685
 0.49845177 0.61335260
 0.45631220 0.66120455
 0.41046577 0.70677104
 0.36093828 0.74977162
 0.30777251 0.78990628
 0.25103257 0.82685511
 0.19080859 0.86027860
 0.12722184 0.88981849
 0.06043023 0.91509961
-0.00936583 0.93573253
-0.08191743 0.95131753
-0.15692115 0.96144983
-0.23401316 0.96572641
-0.31276403 0.96375442
-0.39267431 0.95516144
-0.47317158 0.93960741
-0.55360941 0.91679835
-0.63326878 0.88650140
-0.71136262 0.84856096
-0.78704387 0.80291521
-0.85941764 0.74961222
-0.92755771 0.68882420
-0.99052585 0.62086130
-1.04740238 0.54616483
-1.09727744 0.46539216
-1.13942536 0.37888801
-1.17263551 0.28944111
-1.19680497 0.18674818
-1.20466364 0.11459100
-1.28466130 0.00000000
