 6.20150133 0.00000000
 6.16738769 0.23508097
 6.12099233 0.37417021
 6.06226724 0.49584234
 5.99478367 0.59970335
 5.89676122 0.71304946
 5.71980037 0.85327967
 5.59304769 0.92055852
 5.46228119 0.96739016
 5.33146887 0.99532175
 5.16100918 1.00524950
 5.01725307 0.99074775
 4.88122161 0.95739600
 4.76145636 0.91021044
 4.65754407 0.85327206
 4.55973270 0.78327235
 4.47554662 0.70701674
 4.40264122 0.62554848
 4.33560849 0.52848309
 4.28117260 0.41467174
 4.23825471 0.25410251
 4.21512891 0.16828120
 4.19534231 0.12207046
 4.17074514 0.07910149
 4.14204436 0.02824654
 4.13653810 0.00000000
