 1.51214423 0.00000000
 1.50923901 0.05183102
 1.49994170 0.13521674
 1.46980884 0.26518909
 1.42398239 0.38441676
 1.36253271 0.49575628
 1.28868494 0.59493513
 1.20519930 0.68074918
 1.11500159 0.75254115
 1.02077174 0.81038913
 0.92486126 0.85487710
 0.82922651 0.88694068
 0.73542058 0.90772477
 0.64461838 0.91846955
 0.55766149 0.92042526
 0.47511126 0.91479351
 0.39730251 0.90269044
 0.32439315 0.88512670
 0.25640739 0.86299971
 0.19327195 0.83709398
 0.13484527 0.80808676
 0.08094063 0.77655651
 0.03134386 0.74299292
-0.01417320 0.70780708
-0.05584284 0.67134159
-0.09389428 0.63387983
-0.12854866 0.59565444
-0.16001558 0.55685495
-0.18849082 0.51763444
-0.21415489 0.47811546
-0.23717220 0.43839521
-0.25769039 0.39855032
-0.27583955 0.35864129
-0.29173044 0.31871736
-0.30544848 0.27882632
-0.31704770 0.23902054
-0.32649521 0.19949045
-0.33374447 0.16043154
-0.34146719 0.10331154
-0.34569884 0.05154668
-0.34577992 0.00440325
-0.34596192 0.00000000
