 3.75756899 0.00000000
 3.74767001 0.12936764
 3.71543439 0.27542350
 3.65488027 0.43386686
 3.58650672 0.55503016
 3.46150292 0.70817124
 3.32287593 0.82429785
 3.19611991 0.89911971
 3.06392727 0.95335248
 2.92956540 0.98742233
 2.73411275 1.00321376
 2.58535259 0.98936373
 2.45933590 0.95962378
 2.35408191 0.92082334
 2.23489026 0.85916306
 2.11163377 0.77097334
 1.99549435 0.65611022
 1.90756035 0.53648228
 1.85529444 0.44227545
 1.80525209 0.31868666
 1.77695592 0.21266894
 1.75076209 0.00000000
