 5.50607297 0.00000000
 5.45863557 0.28377531
 5.41481303 0.40239410
 5.35427306 0.51941417
 5.27584765 0.63126617
 5.17985981 0.73482910
 5.07750816 0.81850594
 4.97304370 0.88362493
 4.85437222 0.93839406
 4.72832357 0.97748192
 4.59712314 0.99970041
 4.44948376 1.00392065
 4.29873579 0.98576728
 4.15211782 0.94446597
 4.00146409 0.87484565
 3.89822164 0.80742199
 3.78929515 0.71310775
 3.66917676 0.56757859
 3.60843338 0.46429923
 3.55409592 0.32668551
 3.50798479 0.13386880
 3.49691801 0.09455602
 3.48312312 0.06444333
 3.46575631 0.03312932
 3.45696300 0.00000000
