 2.76363253 0.00000000
 2.74319887 0.19593545
 2.70059475 0.34840764
 2.65356042 0.45927253
 2.56079188 0.61103487
 2.44761024 0.73996292
 2.34097478 0.82947344
 2.22840945 0.90076224
 2.11306654 0.95441577
 1.94648282 1.00322148
 1.79669231 1.02172977
 1.66115640 1.01869342
 1.54131447 1.00027017
 1.39420079 0.95588155
 1.27704971 0.90078906
 1.14771917 0.81492752
 1.02273958 0.69747771
 0.89755072 0.52190674
 0.82354134 0.35800416
 0.78877587 0.23537873
 0.76911756 0.12583642
 0.75888599 0.00000000
