 2.62569381 0.00000000
 2.60826850 0.17850038
 2.56716612 0.33162621
 2.51217919 0.45987225
 2.42712166 0.59658971
 2.33299829 0.70606872
 2.23195688 0.79509673
 2.12832617 0.86492471
 1.97701214 0.93723663
 1.82935987 0.98050999
 1.68986171 0.99983481
 1.51223425 0.99593755
 1.36317362 0.96772076
 1.24004390 0.92577351
 1.09845690 0.85315070
 0.95418307 0.74487542
 0.83366546 0.61477428
 0.76948991 0.52136824
 0.70431716 0.39444090
 0.66448638 0.28324749
 0.63551301 0.15137834
 0.62428820 0.00000000
