 0.82751140 0.00000000
 0.81780000 0.04793312
 0.80958197 0.13536411
 0.80044274 0.19510824
 0.78520125 0.25952663
 0.76565671 0.32247366
 0.74170674 0.38429844
 0.71345094 0.44464811
 0.68094467 0.50326106
 0.64424775 0.55986622
 0.60342942 0.61418631
 0.55857214 0.66593656
 0.50977467 0.71482444
 0.45715471 0.76054994
 0.40085167 0.80280622
 0.34102944 0.84128071
 0.27787929 0.87565673
 0.21162277 0.90561558
 0.14251459 0.93083932
 0.07084536 0.95101409
-0.00305592 0.96583423
-0.07881971 0.97500705
-0.15603434 0.97825834
-0.23424508 0.97533855
-0.31295412 0.96602967
-0.39162160 0.95015256
-0.46966783 0.92757467
-0.54647705 0.89821803
-0.62140261 0.86206702
-0.69377385 0.81917583
-0.76290467 0.76967514
-0.82810364 0.71377770
-0.88868569 0.65178221
-0.94398461 0.58407583
-0.99336786 0.51113076
-1.03624237 0.43351961
-1.07209775 0.35179061
-1.10036838 0.26710247
-1.12078520 0.17755262
-1.13184015 0.09492911
-1.14757416 0.00000000
