 4.27052699 0.00000000
 4.24145011 0.22403946
 4.19373104 0.37351558
 4.13407873 0.49728522
 4.07005078 0.59594024
 3.96715853 0.71504094
 3.86210187 0.80511867
 3.70347513 0.90185249
 3.54751939 0.96264891
 3.40035573 0.99440899
 3.22974311 1.00337083
 3.07704249 0.98632013
 2.94308090 0.95112017
 2.77839827 0.87828035
 2.67207897 0.80992659
 2.56141759 0.71520904
 2.46978508 0.61034022
 2.41092623 0.52359595
 2.34385987 0.38965052
 2.30091376 0.26019795
 2.27653174 0.15381243
 2.25970703 0.00000000
