 1.87845880 0.00000000
 1.88570476 0.09026279
 1.84367765 0.31358146
 1.78661715 0.44080841
 1.71545733 0.56258499
 1.62819843 0.67254332
 1.53219041 0.76451839
 1.43012954 0.83989150
 1.32552614 0.89909338
 1.22096793 0.94343666
 1.11850158 0.97447201
 1.01959761 0.99387283
 0.92525288 1.00329259
 0.83607902 1.00428477
 0.75239129 0.99825737
 0.67428486 0.98645420
 0.60169768 0.96995312
 0.53446016 0.94967458
 0.47233306 0.92639564
 0.41503580 0.90076613
 0.36226693 0.87332528
 0.31371874 0.84451742
 0.26908723 0.81470633
 0.22807885 0.78418796
 0.19041460 0.75320146
 0.15583257 0.72193868
 0.12408906 0.69055220
 0.09495889 0.65916212
 0.06823517 0.62786171
 0.04372862 0.59672218
 0.02126667 0.56579659
 0.00069250 0.53512315
-0.01813609 0.50472789
-0.03534770 0.47462692
-0.05105843 0.44482825
-0.06537280 0.41533337
-0.07838475 0.38613843
-0.09017840 0.35723538
-0.10082890 0.32861284
-0.11040300 0.30025691
-0.11895964 0.27215201
-0.12655035 0.24428183
-0.13321941 0.21663087
-0.13900364 0.18918757
-0.14393212 0.16194872
-0.14802585 0.13492355
-0.15125732 0.10841348
-0.15352053 0.08355941
-0.15507972 0.05702886
-0.15667099 0.00908780
-0.15685765 0.00000000
