 6.52564788 0.00000000
 6.51952515 0.09507770
 6.46215923 0.32690715
 6.38324312 0.49990839
 6.28167584 0.64562716
 6.17029002 0.75925330
 6.07099093 0.83518431
 5.93909621 0.91005735
 5.77415448 0.97084453
 5.61702963 1.00016019
 5.46950060 1.00496628
 5.33434049 0.99018184
 5.17451421 0.94746903
 5.05200202 0.89460395
 4.94589373 0.83105338
 4.82227974 0.73108266
 4.74560068 0.65140251
 4.65453992 0.52196803
 4.59391520 0.38113232
 4.57118259 0.29159219
 4.54094616 0.16748403
 4.52389858 0.12906753
 4.48931459 0.07748803
 4.46617329 0.04487282
 4.45375819 0.01791286
 4.45094066 0.00000000
