 0.93407297 0.00000000
 0.92466536 0.07021651
 0.91626610 0.14627480
 0.90336296 0.21729102
 0.88463741 0.28816335
 0.86077305 0.35742057
 0.83178119 0.42486568
 0.79780018 0.49011495
 0.75897059 0.55281636
 0.71545838 0.61261993
 0.66745290 0.66918267
 0.61516773 0.72216960
 0.55884112 0.77125537
 0.49873637 0.81612596
 0.43514206 0.85648065
 0.36837222 0.89203416
 0.29876625 0.92251897
 0.22668864 0.94768784
 0.15252840 0.96731643
 0.07669828 0.98120613
-0.00036652 0.98918690
-0.07820985 0.99112027
-0.15635667 0.98690220
-0.23431545 0.97646603
-0.31158108 0.95978517
-0.38763823 0.93687569
-0.46196517 0.90779858
-0.53403802 0.87266163
-0.60333546 0.83162090
-0.66934368 0.78488167
-0.73156175 0.73269872
-0.78950711 0.67537601
-0.84272118 0.61326560
-0.89077499 0.54676592
-0.93327474 0.47631860
-0.96986643 0.40240813
-1.00024245 0.32554024
-1.02413915 0.24632997
-1.04131005 0.16499940
-1.05152534 0.08356464
-1.05771958 0.00000000
