 1.99383245 0.00000000
 1.97028984 0.21139032
 1.93250249 0.34250543
 1.88172594 0.45889837
 1.82170716 0.56013094
 1.71564546 0.69190246
 1.59481248 0.79945511
 1.46934927 0.88023848
 1.34166925 0.93833587
 1.21572859 0.97603979
 1.04050494 1.00016082
 0.88281707 0.99526883
 0.74832731 0.97097787
 0.63042750 0.93332172
 0.52827602 0.88682793
 0.40543397 0.81049931
 0.30934347 0.73101873
 0.20331125 0.61461619
 0.10845561 0.46740292
 0.05631926 0.35104061
 0.01116030 0.18993514
-0.00665282 0.00000000
