 0.80688582 0.00000000
 0.79882124 0.04367842
 0.79088729 0.13374823
 0.78229938 0.19149840
 0.76764480 0.25477840
 0.74879341 0.31664980
 0.72565263 0.37750281
 0.69831502 0.43699211
 0.66682761 0.49486710
 0.63123695 0.55086960
 0.59159633 0.60473409
 0.54796990 0.65618595
 0.50043623 0.70494072
 0.44909126 0.75070402
 0.39405128 0.79317194
 0.33545607 0.83203179
 0.27347216 0.86696343
 0.20829612 0.89764111
 0.14015801 0.92373598
 0.06932470 0.94491932
-0.00389701 0.96086653
-0.07915743 0.97126194
-0.15606168 0.97580449
-0.23416786 0.97421424
-0.31298625 0.96623976
-0.39197952 0.95166616
-0.47056432 0.93032381
-0.54811441 0.90209731
-0.62396556 0.86693473
-0.69742236 0.82485647
-0.76776703 0.77596349
-0.83427022 0.72044446
-0.89620364 0.65858114
-0.95285397 0.59075223
-1.00353973 0.51742998
-1.04761644 0.43920132
-1.08453270 0.35660784
-1.11364146 0.27096954
-1.13469683 0.17962585
-1.14571759 0.09760610
-1.16486541 0.00000000
