 0.83576825 0.00000000
 0.82545307 0.04971361
 0.81715911 0.13602834
 0.80778348 0.19659710
 0.79230218 0.26147275
 0.77247143 0.32485823
 0.74818771 0.38707771
 0.71955314 0.44777595
 0.68662687 0.50668638
 0.64947452 0.56353256
 0.60817220 0.61803243
 0.56281017 0.66989719
 0.51349571 0.71883118
 0.46035569 0.76453232
 0.40353914 0.80669290
 0.34321995 0.84500074
 0.27959954 0.87914098
 0.21290965 0.90879822
 0.14341494 0.93365939
 0.07141547 0.95341711
-0.00275099 0.96777384
-0.07870721 0.97644657
-0.15603517 0.97917230
-0.23427547 0.97571399
-0.31292760 0.96586725
-0.39145127 0.94946734
-0.46926890 0.92639657
-0.54576950 0.89659173
-0.62031399 0.86005142
-0.69224205 0.81684288
-0.76088055 0.76710814
-0.82555340 0.71106893
-0.88559276 0.64903014
-0.94035107 0.58138169
-0.98921497 0.50859523
-1.03161137 0.43123746
-1.06704609 0.34985756
-1.09498344 0.26555685
-1.11514709 0.17669329
-1.12619088 0.09391901
-1.14079852 0.00000000
