 0.72481681 0.00000000
 0.72161349 0.03039731
 0.71534177 0.12727944
 0.70856411 0.17783623
 0.69615024 0.23635188
 0.67990446 0.29396160
 0.65982584 0.35091557
 0.63596854 0.40692422
 0.60835490 0.46176540
 0.57698917 0.51522764
 0.54187260 0.56709074
 0.50300813 0.61712223
 0.46040501 0.66507421
 0.41408247 0.71068170
 0.36407351 0.75366159
 0.31042880 0.79371197
 0.25322097 0.83051197
 0.19254917 0.86372218
 0.12854416 0.89298575
 0.06137360 0.91793030
-0.00875230 0.93817084
-0.08157501 0.95331379
-0.15678196 0.96296240
-0.23400109 0.96672357
-0.31279601 0.96421630
-0.39266207 0.95508178
-0.47302392 0.93899519
-0.55323490 0.91567897
-0.63257896 0.88491744
-0.71027550 0.84657221
-0.78548765 0.80059794
-0.85733441 0.74705750
-0.92490682 0.68613530
-0.98728686 0.61814982
-1.04357611 0.54354788
-1.09288961 0.46297845
-1.13451127 0.37682619
-1.16730102 0.28764902
-1.19112226 0.18637908
-1.19972509 0.11257023
-1.26496232 0.00000000
