 2.38197262 0.00000000
 2.35868044 0.20831713
 2.30993366 0.36904172
 2.25462178 0.48646754
 2.15413456 0.63439836
 2.04332067 0.74978227
 1.92597806 0.83937123
 1.80362030 0.90745167
 1.68025600 0.95552034
 1.51100978 0.99314550
 1.35717017 1.00150726
 1.22094574 0.98910404
 1.05290490 0.94676709
 0.91959816 0.88937721
 0.81718039 0.82815095
 0.70083395 0.73530344
 0.60713993 0.63554702
 0.53575277 0.53660963
 0.48316121 0.44260500
 0.42185932 0.28549325
 0.38917831 0.13034686
 0.38092726 0.00000000
