 0.83510989 0.00000000
 0.82484085 0.04957035
 0.81655212 0.13597485
 0.80719569 0.19647729
 0.79173364 0.26131639
 0.77192593 0.32466670
 0.74766907 0.38685454
 0.71906499 0.44752485
 0.68617251 0.50641149
 0.64905680 0.56323843
 0.60779339 0.61772400
 0.56247192 0.66957973
 0.51319898 0.71851019
 0.46010069 0.76421349
 0.40332531 0.80638194
 0.34304591 0.84470336
 0.27946313 0.87886271
 0.21280785 0.90854433
 0.14334396 0.93343474
 0.07137076 0.95322604
-0.00277468 0.96762003
-0.07871573 0.97633292
-0.15603488 0.97910079
-0.23427308 0.97568561
-0.31293004 0.96588189
-0.39146547 0.94952374
-0.46930163 0.92649228
-0.54582712 0.89672314
-0.62040226 0.86021377
-0.69236589 0.81703040
-0.76104383 0.76731415
-0.82575877 0.71128605
-0.88584150 0.64925052
-0.94064296 0.58159725
-0.98954829 0.50879797
-1.03198280 0.43141985
-1.06745102 0.35001200
-1.09541493 0.26568022
-1.11559874 0.17676246
-1.12664387 0.09399847
-1.14133731 0.00000000
