 1.47519751 0.00000000
 1.47258722 0.04871854
 1.46398456 0.12993600
 1.43632792 0.25507604
 1.39399919 0.37085425
 1.33699960 0.47974897
 1.26802803 0.57784892
 1.18944515 0.66392336
 1.10380936 0.73719148
 1.01352886 0.79751750
 0.92078006 0.84523122
 0.82743461 0.88100872
 0.73503494 0.90575519
 0.64480001 0.92050553
 0.55765148 0.92634528
 0.47425098 0.92435195
 0.39504155 0.91555459
 0.32028863 0.90090834
 0.25011761 0.88128063
 0.18454683 0.85744581
 0.12351525 0.83008559
 0.06690530 0.79979335
 0.01456104 0.76708057
-0.03369757 0.73238445
-0.07806361 0.69607588
-0.11873494 0.65846728
-0.15590797 0.61982003
-0.18977319 0.58035129
-0.22051190 0.54024023
-0.24829395 0.49963359
-0.27327606 0.45865070
-0.29560069 0.41738806
-0.31539510 0.37592377
-0.33277044 0.33432193
-0.34781976 0.29263909
-0.36061919 0.25093119
-0.37119696 0.20926870
-0.37943965 0.16802180
-0.38772908 0.10850392
-0.39133890 0.05264996
-0.39154348 0.00650693
-0.39168101 0.00000000
