 0.86007758 0.00000000
 0.84841695 0.05510339
 0.84002162 0.13809277
 0.82989100 0.20117579
 0.81368047 0.26742203
 0.79296785 0.33213922
 0.76765637 0.39555297
 0.73785495 0.45730247
 0.70363605 0.51710448
 0.66508426 0.57466602
 0.62229793 0.62969060
 0.57539220 0.68187753
 0.52450137 0.73092238
 0.46978100 0.77651770
 0.41141015 0.81835418
 0.34959352 0.85612220
 0.28456368 0.88951382
 0.21658313 0.91822518
 0.14594631 0.94195954
 0.07298132 0.96043071
-0.00194871 0.97336708
-0.07844463 0.98051618
-0.15607088 0.98164972
-0.23435585 0.97656906
-0.31279294 0.96511105
-0.39084265 0.94715410
-0.46793572 0.92262439
-0.54347737 0.89150193
-0.61685279 0.85382634
-0.68743382 0.80970210
-0.75458680 0.75930300
-0.81768156 0.70287544
-0.87610131 0.64074047
-0.92925305 0.57329438
-0.97657925 0.50100536
-1.01756405 0.42442196
-1.05176061 0.34409138
-1.07871422 0.26096408
-1.09813510 0.17405379
-1.10908137 0.09109570
-1.12091158 0.00000000
