 0.78369182 0.00000000
 0.77743643 0.03931504
 0.76994667 0.13195328
 0.76192259 0.18756464
 0.74791449 0.24954875
 0.72981724 0.31022553
 0.70755894 0.36999319
 0.68122276 0.42851816
 0.65084790 0.48556007
 0.61646755 0.54087462
 0.57811865 0.59420925
 0.53584647 0.64530093
 0.48970840 0.69387478
 0.43977731 0.73964362
 0.38614476 0.78230795
 0.32892445 0.82155635
 0.26825582 0.85706642
 0.20430779 0.88850629
 0.13728273 0.91553683
 0.06742039 0.93781455
-0.00499820 0.95499549
-0.07964701 0.96673990
-0.15615173 0.97271800
-0.23408701 0.97261681
-0.31297461 0.96614790
-0.39228262 0.95305623
-0.47142612 0.93312978
-0.54976954 0.90620984
-0.62663097 0.87220171
-0.70128874 0.83108529
-0.77299036 0.78292522
-0.84096389 0.72788002
-0.90443167 0.66620927
-0.96262568 0.59827936
-1.01480709 0.52456003
-1.06026998 0.44565405
-1.09841562 0.36208608
-1.12849070 0.27539987
-1.15028180 0.18183476
-1.16111707 0.10097533
-1.18571565 0.00000000
