 6.67908161 0.00000000
 6.66998820 0.11545980
 6.59580451 0.37862751
 6.53229649 0.50754528
 6.45374123 0.62295889
 6.36425487 0.72198271
 6.22758102 0.83324772
 6.10991129 0.90165679
 5.95951111 0.96172230
 5.77993995 0.99927113
 5.61746649 1.00478249
 5.47185146 0.98731841
 5.34409850 0.95329763
 5.19920380 0.89138266
 5.09297515 0.82699813
 5.00373574 0.75689857
 4.88112733 0.63015895
 4.77533636 0.45673185
 4.73326632 0.32891124
 4.71275727 0.23075329
 4.69864050 0.17416503
 4.68271763 0.13495511
 4.66928425 0.11195441
 4.64069806 0.07478017
 4.60836139 0.03066286
 4.59974442 0.00000000
