 1.75313493 0.00000000
 1.73861261 0.16646554
 1.69841944 0.32475090
 1.64295958 0.45551360
 1.57126546 0.57466216
 1.48586340 0.68044441
 1.34148594 0.80888358
 1.18808729 0.90098343
 1.03270338 0.96083750
 0.88163347 0.99258507
 0.74334982 1.00097132
 0.61422058 0.99140247
 0.49581678 0.96748957
 0.34455587 0.91400485
 0.21893218 0.84667658
 0.11550986 0.77173975
 0.03090527 0.69308399
-0.06695370 0.57378189
-0.15735223 0.41534697
-0.21283170 0.26129631
-0.24114104 0.11191597
-0.24711298 0.00000000
