 0.72605471 0.00000000
 0.72281143 0.03055788
 0.71651634 0.12737924
 0.70971463 0.17803800
 0.69726824 0.23662907
 0.68098445 0.29430407
 0.66086086 0.35131828
 0.63695228 0.40738107
 0.60928138 0.46226999
 0.57785298 0.51577292
 0.54266898 0.56766899
 0.50373316 0.61772507
 0.46105567 0.66569266
 0.41465681 0.71130626
 0.36457075 0.75428235
 0.31084944 0.79431871
 0.25356686 0.83109435
 0.19282364 0.86426989
 0.12875204 0.89348872
 0.06152128 0.91837895
-0.00865686 0.93855631
-0.08152232 0.95362824
-0.15676109 0.96319928
-0.23399983 0.96687795
-0.31280105 0.96428515
-0.39265932 0.95506428
-0.47299884 0.93889295
-0.55317299 0.91549622
-0.63246622 0.88466112
-0.71009901 0.84625201
-0.78523616 0.80022615
-0.85699892 0.74664870
-0.92448112 0.68570601
-0.98676801 0.61771783
-1.04296464 0.54313179
-1.09219004 0.46259562
-1.13373004 0.37649964
-1.16645525 0.28736810
-1.19022601 0.18631280
-1.19893057 0.11226007
-1.26223731 0.00000000
