 6.75174550 0.00000000
 6.74661138 0.08477213
 6.72117415 0.22192647
 6.65721715 0.40504190
 6.58547901 0.53973481
 6.49694991 0.65864111
 6.39765894 0.75818235
 6.24845756 0.86609399
 6.12244524 0.92905801
 5.96451388 0.98003565
 5.78042921 1.00500314
 5.61797791 0.99886829
 5.47559329 0.97131041
 5.35308503 0.92940384
 5.21672346 0.86031061
 5.11872474 0.79227859
 5.00018733 0.68345634
 4.90353009 0.56058129
 4.85426291 0.47026280
 4.81853061 0.37519035
 4.79250276 0.26540521
 4.77174840 0.17268381
 4.75603085 0.13390074
 4.73630200 0.10231993
 4.70416729 0.06432605
 4.67671002 0.02583616
 4.67011114 0.00000000
