 0.76674766 0.00000000
 0.76162891 0.03644450
 0.75450200 0.13062938
 0.74686019 0.18473752
 0.73331848 0.24575161
 0.71576206 0.30555402
 0.69413831 0.36452330
 0.66852268 0.42233671
 0.63894926 0.47876012
 0.60544226 0.53355902
 0.56802761 0.58649025
 0.52673758 0.63729940
 0.48161496 0.68571898
 0.43271647 0.73146763
 0.38011624 0.77424981
 0.32390940 0.81375591
 0.26421586 0.84966293
 0.20118446 0.88163567
 0.13499715 0.90932863
 0.06587343 0.93238878
-0.00592523 0.95045912
-0.08009111 0.96318332
-0.15626622 0.97021147
-0.23403883 0.97120691
-0.31294079 0.96585438
-0.39244596 0.95386926
-0.47197007 0.93500785
-0.55087238 0.90907862
-0.62845944 0.87595393
-0.70399137 0.83558208
-0.77669074 0.78799885
-0.84575428 0.73333821
-0.91036737 0.67184116
-0.96972047 0.60386293
-1.02303077 0.52986945
-1.06954433 0.45047526
-1.10862708 0.36618350
-1.13943489 0.27874384
-1.16177895 0.18334796
-1.17232452 0.10377282
-1.20282112 0.00000000
