 0.71307461 0.00000000
 0.71021127 0.02891616
 0.70415644 0.12633310
 0.69760291 0.17592986
 0.68549426 0.23372679
 0.66960607 0.29071632
 0.64995119 0.34709719
 0.62657749 0.40259013
 0.59950410 0.45697567
 0.56873019 0.51004843
 0.53425075 0.56159454
 0.49606124 0.61138773
 0.45416223 0.65918584
 0.40856315 0.70472898
 0.35928611 0.74773813
 0.30636985 0.78791431
 0.24987410 0.82493821
 0.18988430 0.85847033
 0.12651681 0.88815181
 0.05992446 0.91360608
-0.00969747 0.93444154
-0.08210514 0.95025538
-0.15699996 0.96063875
-0.23402252 0.96518356
-0.31274714 0.96349088
-0.39267724 0.95518123
-0.47324214 0.93990665
-0.55379571 0.91736456
-0.63361762 0.88731309
-0.71191761 0.84958758
-0.78784356 0.80411746
-0.86049351 0.75094288
-0.92893244 0.69022950
-0.99221183 0.62228293
-1.04940128 0.54754130
-1.09957833 0.46666683
-1.14201459 0.37997995
-1.17545966 0.29040534
-1.19984523 0.18690779
-1.20722272 0.11570023
-1.29733197 0.00000000
