 2.32185895 0.00000000
 2.32286270 0.00124797
 2.17262095 0.62684321
 1.99051750 0.76776196
 1.81509850 0.89538425
 1.61400996 0.98226167
 1.43326127 1.02341771
 1.26913969 1.03472026
 1.12458245 1.02497725
 0.99851128 1.00113546
 0.88926560 0.96818184
 0.79485463 0.92961079
 0.71331729 0.88784648
 0.64285306 0.84454825
 0.58186960 0.80083753
 0.52898905 0.75745882
 0.48303322 0.71489296
 0.44300188 0.67343708
 0.40804911 0.63326061
 0.37746077 0.59444484
 0.35063430 0.55701077
 0.32706114 0.52093868
 0.30631168 0.48618204
 0.28802262 0.45267722
 0.27188633 0.42035031
 0.25764200 0.38912194
 0.24506833 0.35891057
 0.23397744 0.32963483
 0.22420983 0.30121520
 0.21563029 0.27357531
 0.20812453 0.24664315
 0.20159645 0.22035264
 0.19596605 0.19464607
 0.19116795 0.16947937
 0.18714985 0.14482842
 0.18387445 0.12072342
 0.18136142 0.09769442
 0.17964553 0.07697840
 0.17835600 0.05400655
 0.17711028 0.00323071
 0.17708722 0.00000000
