 1.09001585 0.00000000
 1.08989014 0.04195161
 1.08791307 0.08519653
 1.07734370 0.17137703
 1.05899071 0.25523513
 1.03350385 0.33714228
 1.00117237 0.41633954
 0.96230358 0.49225139
 0.91727057 0.56430930
 0.86649480 0.63199999
 0.81044235 0.69486127
 0.74961546 0.75248766
 0.68454506 0.80453228
 0.61578291 0.85070818
 0.54389414 0.89078838
 0.46945009 0.92460495
 0.39302165 0.95204716
 0.31517329 0.97305893
 0.23645769 0.98763561
 0.15741117 0.99582033
 0.07854985 0.99770002
 0.00036652 0.99340124
-0.07667174 0.98308596
-0.15212529 0.96694732
-0.22558308 0.94520557
-0.29666322 0.91810420
-0.36501314 0.88590627
-0.43030928 0.84889109
-0.49225655 0.80735120
-0.55058746 0.76158965
-0.60506108 0.71191765
-0.65546192 0.65865257
-0.70159864 0.60211618
-0.74330287 0.54263331
-0.78042777 0.48053067
-0.81284723 0.41613609
-0.84045558 0.34977562
-0.86315143 0.28179754
-0.88094603 0.21238186
-0.89340397 0.14273452
-0.90150591 0.06899308
-0.90814684 0.00000000
