 5.05050665 0.00000000
 5.03143336 0.17627825
 4.97693306 0.36242748
 4.87474719 0.55895908
 4.79234112 0.66611076
 4.68294496 0.77213250
 4.54642450 0.86798165
 4.42823081 0.92685847
 4.29076250 0.97285218
 4.13743235 0.99996166
 3.95482895 1.00093268
 3.81138686 0.97787431
 3.69067908 0.94126086
 3.59033922 0.89722795
 3.47618883 0.82955030
 3.37071061 0.74617362
 3.26529864 0.63427869
 3.19272837 0.53115720
 3.13500841 0.42124925
 3.09260643 0.30648236
 3.05875207 0.16999822
 3.03483270 0.00000000
