 0.74507791 0.00000000
 0.74110337 0.03315052
 0.73443431 0.12890874
 0.72725222 0.18115499
 0.71429933 0.24089390
 0.69742562 0.29956841
 0.67660530 0.35750323
 0.65190311 0.41439185
 0.62334697 0.47000687
 0.59095044 0.52412591
 0.55472622 0.57651774
 0.51469095 0.62693920
 0.47086959 0.67513271
 0.42329906 0.72082504
 0.37203183 0.76372663
 0.31713977 0.80353127
 0.25871816 0.83991642
 0.19689009 0.87254397
 0.13181115 0.90106177
 0.06367434 0.92510598
-0.00728491 0.94430435
-0.08078361 0.95828056
-0.15648635 0.96665989
-0.23400083 0.96907608
-0.31287408 0.96517969
-0.39258972 0.95464785
-0.47256669 0.93719538
-0.55215986 0.91258706
-0.63066291 0.88065092
-0.70731397 0.84129197
-0.78130432 0.79450583
-0.85179037 0.74039167
-0.91790907 0.67916322
-0.97879560 0.61115845
-1.03360831 0.53683540
-1.08152739 0.45682487
-1.12187382 0.37158450
-1.15366570 0.28321013
-1.17673982 0.18508692
-1.18659020 0.10791918
-1.22935410 0.00000000
