 1.06817402 0.00000000
 1.06788487 0.04150119
 1.06591648 0.08360476
 1.05560190 0.16766092
 1.03803436 0.24975796
 1.01362564 0.33010407
 0.98262541 0.40794240
 0.94529613 0.48274629
 0.90196522 0.55397487
 0.85300256 0.62113725
 0.79882090 0.68378325
 0.73986835 0.74151001
 0.67662285 0.79396387
 0.60958596 0.84084232
 0.53927673 0.88189484
 0.46622582 0.91692300
 0.39096980 0.94577985
 0.31404583 0.96836866
 0.23598677 0.98464104
 0.15731677 0.99459468
 0.07854736 0.99827065
 0.00017407 0.99575049
-0.07732640 0.98715301
-0.15349852 0.97263112
-0.22790980 0.95236854
-0.30015210 0.92657658
-0.36984270 0.89549102
-0.43662482 0.85936913
-0.50016793 0.81848686
-0.56016773 0.77313622
-0.61634598 0.72362292
-0.66845004 0.67026419
-0.71625237 0.61338686
-0.75954993 0.55332567
-0.79816343 0.49042178
-0.83193657 0.42502173
-0.86073746 0.35747369
-0.88444219 0.28814748
-0.90302055 0.21729896
-0.91615260 0.14582504
-0.92438016 0.07167071
-0.93025542 0.00000000
