 0.71585599 0.00000000
 0.71291811 0.02926053
 0.70681264 0.12655711
 0.70020668 0.17638013
 0.68802629 0.23434780
 0.67205390 0.29148437
 0.65229916 0.34800125
 0.62881141 0.40361668
 0.60161057 0.45811060
 0.57069696 0.51127619
 0.53606705 0.56289810
 0.49771803 0.61274858
 0.45565250 0.66058411
 0.40988217 0.70614357
 0.36043171 0.74914695
 0.30734266 0.78929455
 0.25067776 0.82626665
 0.19052572 0.85972372
 0.12700628 0.88930733
 0.06027580 0.91464185
-0.00946689 0.93533719
-0.08197444 0.95099266
-0.15694490 0.96120222
-0.23401580 0.96556129
-0.31275885 0.96367515
-0.39267547 0.95516919
-0.47319375 0.93970093
-0.55366735 0.91697374
-0.63337682 0.88675200
-0.71153410 0.84887733
-0.78729055 0.80328523
-0.85974910 0.75002134
-0.92798079 0.68925589
-0.99104422 0.62129764
-1.04801637 0.54658693
-1.09798346 0.46578261
-1.14021879 0.37922220
-1.17349973 0.28973496
-1.19773231 0.18679971
-1.20545113 0.11492800
-1.28834549 0.00000000
