 0.69020696 0.00000000
 0.68784266 0.02620840
 0.68218641 0.12450177
 0.67604811 0.17226052
 0.66451303 0.22864541
 0.64930110 0.28442314
 0.63045074 0.33967994
 0.60799752 0.39415679
 0.58195460 0.44763880
 0.55231192 0.49993194
 0.51905326 0.55083431
 0.48216062 0.60013170
 0.44161890 0.64759340
 0.39741965 0.69296983
 0.34956494 0.73599076
 0.29807134 0.77636401
 0.24297437 0.81377465
 0.18433347 0.84788461
 0.12223735 0.87833301
 0.05681001 0.90473726
-0.01178284 0.92669520
-0.08332693 0.94378838
-0.15755241 0.95558682
-0.23412675 0.96165547
-0.31264806 0.96156251
-0.39263909 0.95488978
-0.47354256 0.94124531
-0.55471832 0.92027810
-0.63544328 0.89169480
-0.71491459 0.85527811
-0.79225713 0.81090605
-0.86653594 0.75857151
-0.93677457 0.69839989
-1.00197744 0.63066854
-1.06117297 0.55579288
-1.11339176 0.47447368
-1.15799006 0.38682612
-1.19339796 0.29687353
-1.22058854 0.18729239
-1.22101651 0.12178520
-1.45028083 0.00000000
