 0.70935925 0.00000000
 0.70659020 0.02846188
 0.70060238 0.12603416
 0.69411825 0.17532969
 0.68210485 0.23289816
 0.66632858 0.28969115
 0.64680656 0.34589014
 0.62358463 0.40121913
 0.59668093 0.45545946
 0.56609307 0.50840764
 0.53181412 0.55985178
 0.49383723 0.60956757
 0.45216032 0.65731472
 0.40678980 0.70283494
 0.35774439 0.74585057
 0.30505913 0.78606365
 0.24878971 0.82315544
 0.18901727 0.85678651
 0.12585364 0.88659749
 0.05944695 0.91221063
-0.01001230 0.93323237
-0.08228499 0.94925710
-0.15707705 0.95987230
-0.23403322 0.96466524
-0.31273139 0.96323141
-0.39267777 0.95518486
-0.47330338 0.94017032
-0.55396254 0.91787725
-0.63393384 0.88805544
-0.71242426 0.85053172
-0.78857710 0.80522736
-0.86148409 0.75217507
-0.93020222 0.69153430
-0.99377368 0.62360634
-1.05125853 0.54882618
-1.10172310 0.46786086
-1.14443859 0.38100592
-1.17811553 0.29132302
-1.20273590 0.18703459
-1.20958815 0.11675882
-1.31113135 0.00000000
