 0.72915324 0.00000000
 0.72580617 0.03096382
 0.71945210 0.12762898
 0.71258980 0.17854366
 0.70006176 0.23732317
 0.68368262 0.29516145
 0.66344624 0.35232629
 0.63940908 0.40852440
 0.61159466 0.46353257
 0.58000916 0.51713703
 0.54465622 0.56911525
 0.50554165 0.61923244
 0.46267795 0.66723860
 0.41608808 0.71286696
 0.36580913 0.75583295
 0.31189627 0.79583364
 0.25442691 0.83254770
 0.19350532 0.86563589
 0.12926758 0.89474225
 0.06188679 0.91949607
-0.00842136 0.93951496
-0.08139300 0.95440891
-0.15671055 0.96378576
-0.23399745 0.96725808
-0.31281356 0.96445156
-0.39265148 0.95501508
-0.47293442 0.93863234
-0.55301581 0.91503497
-0.63218145 0.88401678
-0.70965457 0.84544893
-0.78460417 0.79929509
-0.85615719 0.74562622
-0.92341446 0.68463334
-0.98546939 0.61663938
-1.04143570 0.54209392
-1.09044253 0.46164166
-1.13178073 0.37568630
-1.16434703 0.28667138
-1.18799566 0.18613883
-1.19693730 0.11149964
-1.25582407 0.00000000
