 5.99642892 0.00000000
 5.97410943 0.18815884
 5.91984732 0.36563382
 5.85167829 0.50626499
 5.78102613 0.61203825
 5.64620044 0.75567433
 5.54457192 0.83433129
 5.43481092 0.89858395
 5.31897627 0.94779368
 5.15914755 0.99006221
 5.01556430 1.00494373
 4.87167901 0.99898628
 4.73772506 0.97473469
 4.61538979 0.93524984
 4.49490826 0.87781676
 4.38733573 0.80787041
 4.29473001 0.72974982
 4.20134036 0.62852896
 4.13439402 0.53401033
 4.08664585 0.44034318
 4.05066955 0.33193970
 4.01195573 0.17704024
 3.98111918 0.09835703
 3.96529523 0.07103478
 3.94215979 0.02978347
 3.93679867 0.00000000
