 0.79591333 0.00000000
 0.78872947 0.04155336
 0.78099343 0.13289960
 0.77267879 0.18962528
 0.75833139 0.25229586
 0.73983927 0.31360151
 0.71711860 0.37394132
 0.69025766 0.43297507
 0.65929963 0.49045727
 0.62428459 0.54613639
 0.58525787 0.59975304
 0.54227451 0.65103807
 0.49540289 0.69971147
 0.44472787 0.74548217
 0.39035390 0.78804819
 0.33240832 0.82709727
 0.27104476 0.86230797
 0.20644669 0.89335144
 0.13883110 0.91989372
 0.06845208 0.94159886
-0.00439562 0.95813286
-0.07937332 0.96916846
-0.15609561 0.97439083
-0.23412815 0.97350429
-0.31298632 0.96623985
-0.39213501 0.95236367
-0.47098977 0.93168616
-0.54891965 0.90407167
-0.62525177 0.86944832
-0.69927811 0.82781770
-0.77026438 0.77926404
-0.83746110 0.72396217
-0.90011679 0.66218384
-0.95749250 0.59430228
-1.00888001 0.52078894
-1.05360632 0.44223823
-1.09109782 0.35918522
-1.12065942 0.27304897
-1.14206004 0.18068776
-1.15301687 0.09914372
-1.17446667 0.00000000
