 3.04376149 0.00000000
 3.02501276 0.18334209
 2.97998815 0.34446150
 2.91654950 0.48443029
 2.84395548 0.59760087
 2.75179143 0.70499188
 2.64016629 0.80230245
 2.47904094 0.90099260
 2.32302755 0.96166057
 2.17890513 0.99282341
 1.99325575 1.00149746
 1.83532263 0.98138247
 1.70349075 0.94418219
 1.55586693 0.87735334
 1.44663331 0.80698452
 1.36487189 0.73943573
 1.27898559 0.64996480
 1.19941395 0.54209717
 1.12370393 0.39939556
 1.08281034 0.28646300
 1.05316508 0.15294280
 1.04166326 0.00000000
