 4.32432731 0.00000000
 4.29197432 0.23671157
 4.23960004 0.39242237
 4.17402086 0.52067676
 4.10407672 0.62176315
 3.99263199 0.74181393
 3.88016337 0.83045823
 3.71289352 0.92223428
 3.55115877 0.97610401
 3.40104112 1.00036443
 3.22994425 1.00019248
 3.07944986 0.97524365
 2.94939828 0.93384580
 2.79208686 0.85491722
 2.69198190 0.78404124
 2.58897632 0.68843237
 2.51102072 0.59380248
 2.44397058 0.48770407
 2.39024424 0.37135175
 2.35112973 0.24694261
 2.32844433 0.14408157
 2.31317812 0.00000000
