 3.32812638 0.00000000
 3.29491432 0.24472564
 3.24967356 0.38095729
 3.18906366 0.50443724
 3.11584058 0.61350136
 3.00185381 0.73771942
 2.86588381 0.84295216
 2.71227309 0.92416758
 2.57801994 0.96997503
 2.44997253 0.99485784
 2.33106052 1.00281404
 2.18078702 0.99265532
 2.00464491 0.95064847
 1.86832365 0.89308749
 1.76293662 0.83062150
 1.65317394 0.74408243
 1.54873324 0.63349399
 1.46723563 0.51666678
 1.41795341 0.42326851
 1.37623619 0.31756575
 1.33919846 0.16439476
 1.32282578 0.00000000
