 0.86546650 0.00000000
 0.85362779 0.05630902
 0.84523044 0.13858038
 0.83492001 0.20223647
 0.81854216 0.26879403
 0.79762473 0.33381648
 0.77207462 0.39750310
 0.74200216 0.45949202
 0.70748329 0.51949585
 0.66860724 0.57721780
 0.62547775 0.63235807
 0.57821593 0.68461339
 0.52696248 0.73367742
 0.47187977 0.77924170
 0.41315386 0.82099681
 0.35099662 0.85863399
 0.28564778 0.89184719
 0.21737689 0.92033554
 0.14648510 0.94380634
 0.07330674 0.96197857
-0.00178947 0.97458683
-0.07839969 0.98138587
-0.15608473 0.98215551
-0.23437057 0.97670594
-0.31274967 0.96488344
-0.39068313 0.94657616
-0.46760400 0.92172007
-0.54292155 0.89030474
-0.61602678 0.85237873
-0.68629903 0.80805456
-0.75311369 0.75751274
-0.81585098 0.70100480
-0.87390549 0.63885496
-0.92669633 0.57146056
-0.97367825 0.49928869
-1.01434780 0.42288366
-1.04826860 0.34279136
-1.07500261 0.25993193
-1.09425876 0.17344487
-1.10517199 0.09049506
-1.11647115 0.00000000
