 1.05180399 0.00000000
 1.05140932 0.04111333
 1.04945755 0.08241180
 1.03929945 0.16490059
 1.02229760 0.24573575
 0.99866957 0.32491841
 0.96863223 0.40174536
 0.93242074 0.47571363
 0.89032976 0.54630580
 0.84269360 0.61304749
 0.78988738 0.67549877
 0.73232075 0.73326036
 0.67043354 0.78597570
 0.60469066 0.83333302
 0.53557700 0.87506676
 0.46359244 0.91095820
 0.38924691 0.94083566
 0.31305569 0.96457402
 0.23553489 0.98209378
 0.15719736 0.99335974
 0.07854884 0.99837921
 0.00008451 0.99719998
-0.07771405 0.98990806
-0.15438149 0.97662517
-0.22947102 0.95750623
-0.30255627 0.93273665
-0.37323284 0.90252978
-0.44111953 0.86712424
-0.50585925 0.82678141
-0.56711969 0.78178298
-0.62459372 0.73242865
-0.67799965 0.67903396
-0.72708129 0.62192823
-0.77160788 0.56145275
-0.81137398 0.49795898
-0.84619889 0.43180731
-0.87592881 0.36336328
-0.90042344 0.29301158
-0.91961678 0.22106714
-0.93327255 0.14822814
-0.94167790 0.07350234
-0.94693030 0.00000000
