 0.83708369 0.00000000
 0.82667750 0.05000045
 0.81837351 0.13613552
 0.80895931 0.19683707
 0.79343949 0.26178583
 0.77356259 0.32524172
 0.74922506 0.38752450
 0.72052942 0.44827860
 0.68753546 0.50723662
 0.65030973 0.56412125
 0.60892948 0.61864966
 0.56348624 0.67053242
 0.51408868 0.71947337
 0.46086513 0.76517012
 0.40396620 0.80731482
 0.34356738 0.84559539
 0.27987175 0.87969728
 0.21311266 0.90930563
 0.14355635 0.93410818
 0.07150443 0.95379862
-0.00270398 0.96808073
-0.07869042 0.97667309
-0.15603587 0.97931447
-0.23428022 0.97576988
-0.31292256 0.96583710
-0.39142256 0.94935372
-0.46920301 0.92620438
-0.54565371 0.89632824
-0.62013682 0.85972614
-0.69199369 0.81646738
-0.76055328 0.76669578
-0.82514195 0.71063446
-0.88509461 0.64858927
-0.93976665 0.58095053
-0.98854777 0.50818979
-1.03086803 0.43087279
-1.06623581 0.34954878
-1.09412008 0.26531025
-1.11424348 0.17655473
-1.12528436 0.09376079
-1.13972253 0.00000000
