 0.74791471 0.00000000
 0.74381031 0.03355948
 0.73708300 0.12913563
 0.72984241 0.18162216
 0.71681304 0.24153013
 0.69985054 0.30035300
 0.67892555 0.35842415
 0.65410428 0.41543485
 0.62541543 0.47115686
 0.59287390 0.52536625
 0.55649409 0.57783024
 0.51629460 0.62830418
 0.47230269 0.67652916
 0.42455781 0.72223085
 0.37311523 0.76511885
 0.31804981 0.80488644
 0.25946006 0.84121093
 0.19747242 0.87375450
 0.13224596 0.90216579
 0.06397717 0.92608228
-0.00709503 0.94513362
-0.08068433 0.95894603
-0.15645227 0.96714795
-0.23400387 0.96937697
-0.31288401 0.96528810
-0.39257489 0.95456351
-0.47249486 0.93692349
-0.55199921 0.91213866
-0.63038318 0.88004300
-0.70688769 0.84054735
-0.78070804 0.79365284
-0.85100593 0.73946340
-0.91692473 0.67819656
-0.97760697 0.61019277
-1.03221885 0.53591132
-1.07994947 0.45598076
-1.12012557 0.37086619
-1.15178489 0.28261117
-1.17476145 0.18487621
-1.18473150 0.10733317
-1.22542660 0.00000000
