 5.99912519 0.00000000
 5.97667715 0.18872374
 5.92217142 0.36655928
 5.85369116 0.50743207
 5.78272001 0.61333689
 5.64737207 0.75700753
 5.54541465 0.83557759
 5.43535101 0.89966106
 5.31927459 0.94863781
 5.15922986 0.99052443
 5.01556675 1.00502460
 4.87171284 0.99868579
 4.73788637 0.97409513
 4.61575504 0.93432833
 4.49555362 0.87666868
 4.38829647 0.80658248
 4.29600544 0.72840711
 4.20296910 0.62721359
 4.13635427 0.53282105
 4.08892201 0.43939436
 4.05317618 0.33127991
 4.01444541 0.17629093
 3.97551963 0.08337110
 3.95084417 0.04312634
 3.94171803 0.01950430
 3.93942859 0.00000000
