 7.19094343 0.00000000
 7.17596840 0.14727581
 7.14406186 0.28076240
 7.08422212 0.43248469
 6.98883647 0.59208298
 6.89554524 0.70310488
 6.79069351 0.79619872
 6.67937896 0.87090058
 6.57161348 0.92514735
 6.44484901 0.96962998
 6.30072103 0.99850304
 6.14346696 1.00582495
 5.97146096 0.98519479
 5.79959048 0.93295560
 5.66866066 0.86845300
 5.52613802 0.76713513
 5.41221881 0.65426114
 5.34093599 0.55865754
 5.28043572 0.44357668
 5.24240090 0.32038276
 5.22210484 0.20009520
 5.21023716 0.15288810
 5.20396389 0.13762562
 5.19368820 0.11825455
 5.18162011 0.10109160
 5.16807121 0.08627341
 5.14213565 0.06451163
 5.12016387 0.04683854
 5.09322419 0.00000000
