 0.76998178 0.00000000
 0.76466182 0.03697162
 0.75746505 0.13088349
 0.74975194 0.18527509
 0.73612157 0.24647614
 0.71846242 0.30644586
 0.69671801 0.36556817
 0.67096533 0.42351811
 0.64123940 0.48006044
 0.60756611 0.53495879
 0.56997345 0.58796821
 0.52849609 0.63883265
 0.48317959 0.68728317
 0.43408369 0.73303727
 0.38128582 0.77579860
 0.32488462 0.81525715
 0.26500373 0.85108997
 0.20179580 0.88296241
 0.13544670 0.91053013
 0.06617984 0.93344183
-0.00573953 0.95134294
-0.08000014 0.96388022
-0.15624078 0.97070755
-0.23404701 0.97149277
-0.31294865 0.96592574
-0.39241834 0.95372749
-0.47187156 0.93466043
-0.55066843 0.90853937
-0.62811763 0.87524309
-0.70348268 0.83472605
-0.77599088 0.78702973
-0.84484497 0.73229294
-0.90923744 0.67076042
-0.96836679 0.60278965
-1.02145876 0.52884746
-1.06776879 0.44954610
-1.10666960 0.36539358
-1.13733539 0.27809670
-1.15957284 0.18306740
-1.17018713 0.10321243
-1.19937858 0.00000000
