 1.32983752 0.00000000
 1.33618269 0.09275827
 1.31492544 0.22350551
 1.28584028 0.32289362
 1.24469147 0.42420957
 1.19387980 0.51819891
 1.13410580 0.60515777
 1.06670588 0.68398504
 0.99296491 0.75410413
 0.91420150 0.81513111
 0.83169714 0.86690786
 0.74666399 0.90946747
 0.66021843 0.94300497
 0.57336395 0.96784495
 0.48698253 0.98441028
 0.40183266 0.99319324
 0.31855278 0.99473003
 0.23766846 0.98957928
 0.15960203 0.97830452
 0.08468364 0.96146044
 0.01316285 0.93958271
-0.05477998 0.91318059
-0.11902272 0.88273223
-0.17949144 0.84868185
-0.23615129 0.81143856
-0.28899841 0.77137646
-0.33805293 0.72883550
-0.38335289 0.68412311
-0.42494907 0.63751619
-0.46290064 0.58926343
-0.49727154 0.53958766
-0.52812745 0.48868845
-0.55553327 0.43674455
-0.57955112 0.38391619
-0.60023711 0.33034904
-0.61763696 0.27618710
-0.63183703 0.22143525
-0.64268379 0.16659830
-0.64876433 0.11767657
-0.65760207 0.02333234
-0.66171772 0.00000000
