 0.85656497 0.00000000
 0.84504702 0.05431744
 0.83665637 0.13778165
 0.82664050 0.20049391
 0.81053784 0.26653893
 0.78995676 0.33105927
 0.76479856 0.39429689
 0.73517120 0.45589169
 0.70114501 0.51556305
 0.66280163 0.57302044
 0.62023600 0.62796949
 0.57355946 0.68011125
 0.52290221 0.72914249
 0.46841550 0.77475648
 0.41027387 0.81664403
 0.34867742 0.85449503
 0.28385410 0.88800036
 0.21606188 0.91685432
 0.14559084 0.94075762
 0.07276501 0.95942078
-0.00205611 0.97256826
-0.07847646 0.97994296
-0.15606293 0.98131140
-0.23434550 0.97646924
-0.31281829 0.96524724
-0.39094149 0.94751752
-0.46814443 0.92319986
-0.54382978 0.89226806
-0.61737902 0.85475588
-0.68815919 0.81076252
-0.75553079 0.76045731
-0.81885692 0.70408327
-0.87751338 0.64195927
-0.93089928 0.57448086
-0.97844910 0.50211690
-1.01963881 0.42541863
-1.05401476 0.34493396
-1.08111114 0.26163367
-1.10063932 0.17444591
-1.11160505 0.09149171
-1.12379585 0.00000000
