 2.63908577 0.00000000
 2.62117517 0.18096491
 2.57906281 0.33581917
 2.52272828 0.46532627
 2.43571014 0.60299919
 2.33968074 0.71275382
 2.23686723 0.80153947
 2.13168865 0.87072349
 1.97864336 0.94161097
 1.82990264 0.98314648
 1.68991265 1.00065580
 1.51241463 0.99439548
 1.36411267 0.96430473
 1.24205934 0.92099162
 1.10220466 0.84714806
 0.96023897 0.73822304
 0.84206892 0.60831632
 0.77929336 0.51545594
 0.71565019 0.38963400
 0.67681755 0.27966390
 0.64859797 0.14942885
 0.63766097 0.00000000
