 5.95868582 0.00000000
 5.93810111 0.18039032
 5.88713984 0.35285802
 5.82317573 0.49011523
 5.75686869 0.59398469
 5.62924781 0.73694688
 5.48011527 0.85183455
 5.31434321 0.93543658
 5.15772112 0.98289887
 5.01546432 1.00305519
 4.87135302 1.00246035
 4.73580103 0.98302986
 4.61075346 0.94761932
 4.48643784 0.89352873
 4.37446576 0.82571466
 4.27742714 0.74850879
 4.13520604 0.59102437
 4.06165621 0.46864887
 4.02287162 0.36930563
 3.98540000 0.21917541
 3.95626143 0.12641941
 3.93727163 0.08752136
 3.90488585 0.02587798
 3.90001463 0.00719957
 3.89988285 0.00232707
 3.89995915 0.00000000
