 0.70155698 0.00000000
 0.69896808 0.02752739
 0.69311864 0.12540791
 0.68677788 0.17407441
 0.67496213 0.23116183
 0.65941862 0.28754172
 0.64017324 0.34335793
 0.61726762 0.39834137
 0.59071783 0.45227501
 0.56051825 0.50495927
 0.52665804 0.55618638
 0.48912567 0.60573617
 0.44791358 0.65337221
 0.40302196 0.69883971
 0.35446259 0.74186395
 0.30226282 0.78214919
 0.24647000 0.81937807
 0.18715630 0.85321148
 0.12442406 0.88328918
 0.05841155 0.90923117
-0.01070080 0.93064004
-0.08268388 0.94710459
-0.15725330 0.95820481
-0.23406276 0.96351850
-0.31269800 0.96262968
-0.39267142 0.95513893
-0.47341814 0.94067576
-0.55429394 0.91891298
-0.63457574 0.88958268
-0.71346539 0.85249377
-0.79009733 0.80755005
-0.86355076 0.75476828
-0.93286690 0.69429440
-0.99706960 0.62642028
-1.05520107 0.55157363
-1.10630661 0.47043296
-1.14966755 0.38323279
-1.18390270 0.29336409
-1.20919876 0.18723239
-1.21454163 0.11903507
-1.34970896 0.00000000
