 0.83082084 0.00000000
 0.82086131 0.04864235
 0.81261016 0.13562870
 0.80337733 0.19570150
 0.78804012 0.26030289
 0.76838156 0.32342497
 0.74429861 0.38540743
 0.71589190 0.44589641
 0.68321827 0.50462837
 0.64633983 0.56133008
 0.60532854 0.61572236
 0.56026995 0.66751883
 0.51126619 0.71642569
 0.45843861 0.76214208
 0.40193045 0.80436080
 0.34190958 0.84276942
 0.27857131 0.87705195
 0.21214128 0.90689097
 0.14287815 0.93197046
 0.07107634 0.95197912
-0.00293164 0.96661451
-0.07877314 0.97558778
-0.15603392 0.97862917
-0.23425736 0.97549412
-0.31294452 0.96597007
-0.39155533 0.94988363
-0.46951090 0.92710821
-0.54619735 0.89757177
-0.62097101 0.86126439
-0.69316535 0.81824553
-0.76209942 0.76865047
-0.82708795 0.71269557
-0.88745276 0.65068208
-0.94253514 0.58299829
-0.99171025 0.51011623
-1.03439306 0.43260614
-1.07007969 0.35101674
-1.09821668 0.26648331
-1.11853192 0.17721031
-1.12958390 0.09452061
-1.14485288 0.00000000
