 7.19364180 0.00000000
 7.17857752 0.14774683
 7.14652727 0.28151655
 7.08640441 0.43354490
 6.99060303 0.59336234
 6.89692518 0.70445086
 6.79169624 0.79750105
 6.68005706 0.87206859
 6.57203191 0.92612193
 6.44504075 0.97032188
 6.30076261 0.99883403
 6.14346985 1.00573577
 5.97157373 0.98465466
 5.79996990 0.93201787
 5.66935257 0.86727611
 5.52726259 0.76580592
 5.41377285 0.65293097
 5.34283829 0.55743884
 5.28271606 0.44262948
 5.24496902 0.31984980
 5.22473001 0.19960958
 5.21265692 0.15201519
 5.20622382 0.13658556
 5.19568212 0.11703548
 5.18327920 0.09975461
 5.15656043 0.07372284
 5.12851381 0.05177039
 5.10887767 0.03215754
 5.09580826 0.00000000
