 5.67321362 0.00000000
 5.66243718 0.12961013
 5.60864047 0.33414081
 5.55060006 0.46712145
 5.46966445 0.59625896
 5.36818587 0.71392304
 5.24741791 0.81638430
 5.12317693 0.89252155
 5.00140951 0.94579487
 4.86819569 0.98366865
 4.73258275 1.00255094
 4.59756815 1.00304216
 4.45247625 0.98320306
 4.31152124 0.94208600
 4.18076448 0.88201792
 4.05249191 0.79834967
 3.96823317 0.72546758
 3.88174965 0.63050026
 3.80124590 0.51355465
 3.75018984 0.41038519
 3.71165675 0.28789325
 3.67917109 0.14646472
 3.65947356 0.08810664
 3.63141314 0.03347347
 3.62207096 0.01187559
 3.62060200 0.00000000
