 5.45001154 0.00000000
 5.43354605 0.16699577
 5.35887946 0.41375907
 5.29095297 0.54717284
 5.20393671 0.67017982
 5.10160203 0.77839139
 4.99098166 0.86734103
 4.85734772 0.94584808
 4.70328414 1.00674571
 4.52010540 1.04513702
 4.36490839 1.05112777
 4.22737131 1.03640637
 4.10798769 1.00785664
 3.96671424 0.95191165
 3.83241288 0.87209993
 3.74102236 0.79807410
 3.65524038 0.70741689
 3.57995169 0.59912458
 3.51175144 0.43559173
 3.49297867 0.32153430
 3.48550987 0.24176292
 3.47095821 0.17654669
 3.43404085 0.11007712
 3.37782099 0.04831852
 3.36050980 0.01144634
 3.36042296 0.00000000
