 1.68243900 0.00000000
 1.68516333 0.09377689
 1.65886029 0.25328372
 1.62030889 0.36537669
 1.56938753 0.47424680
 1.50658839 0.57485085
 1.43477870 0.66456120
 1.35578800 0.74314544
 1.27177968 0.81022954
 1.18463514 0.86598592
 1.09604507 0.91086166
 1.00743563 0.94553048
 0.91997479 0.97080440
 0.83458185 0.98756875
 0.75195226 0.99672964
 0.67258685 0.99917560
 0.59682299 0.99575142
 0.52486448 0.98724166
 0.45680875 0.97436189
 0.39267068 0.95775536
 0.33240271 0.93799365
 0.27591153 0.91557974
 0.22307155 0.89095267
 0.17373566 0.86449303
 0.12774360 0.83652869
 0.08492845 0.80734054
 0.04512149 0.77716796
 0.00815589 0.74621390
-0.02613073 0.71464954
-0.05789443 0.68261846
-0.08728368 0.65024039
-0.11443863 0.61761446
-0.13949061 0.58482210
-0.16256206 0.55192957
-0.18376642 0.51899012
-0.20320839 0.48604589
-0.22098407 0.45312955
-0.23718134 0.42026574
-0.25188008 0.38747224
-0.26515259 0.35476109
-0.27706381 0.32213954
-0.28767157 0.28961100
-0.29702669 0.25717610
-0.30517271 0.22483462
-0.31214510 0.19258914
-0.31797219 0.16043951
-0.32264373 0.12853225
-0.32603069 0.09780262
-0.32835506 0.06583481
-0.33068902 0.01562069
-0.33116898 0.00000000
