 4.55310438 0.00000000
 4.53930290 0.15104590
 4.48057690 0.36030298
 4.42496342 0.48117585
 4.32792161 0.62715265
 4.22836526 0.73482785
 4.07680750 0.85119368
 3.93293939 0.92572229
 3.80132011 0.97069932
 3.67461137 0.99570924
 3.55564602 1.00406592
 3.40220142 0.99396811
 3.23970590 0.95642229
 3.10651540 0.90283853
 2.99815768 0.84132472
 2.87497919 0.74597771
 2.80054922 0.67078597
 2.69925858 0.53502589
 2.63580003 0.41425747
 2.58958403 0.28521710
 2.55795290 0.15022970
 2.54037060 0.00000000
