 2.13003661 0.00000000
 2.14245975 0.04888192
 2.06799570 0.41808174
 1.97568065 0.55514727
 1.87356986 0.68592780
 1.74650686 0.80106999
 1.61636649 0.88561838
 1.48523410 0.94635240
 1.35807857 0.98599498
 1.23747194 1.00821472
 1.12493782 1.01637211
 1.02113407 1.01343874
 0.92615186 1.00192141
 0.83972410 0.98387916
 0.76137512 0.96097015
 0.69052176 0.93451135
 0.62653960 0.90553759
 0.56880435 0.87485479
 0.51671657 0.84308555
 0.46971531 0.81070691
 0.42728461 0.77808101
 0.38895549 0.74547974
 0.35430518 0.71310435
 0.32295479 0.68110091
 0.29456620 0.64957257
 0.26883847 0.61858921
 0.24550435 0.58819494
 0.22432679 0.55841407
 0.20509570 0.52925575
 0.18762500 0.50071756
 0.17174988 0.47278840
 0.15732445 0.44545070
 0.14421952 0.41868211
 0.13232076 0.39245691
 0.12152701 0.36674699
 0.11174881 0.34152275
 0.10290715 0.31675370
 0.09493235 0.29240905
 0.08776314 0.26845820
 0.08134586 0.24487126
 0.07563381 0.22161973
 0.07058675 0.19867748
 0.06617058 0.17602262
 0.06235731 0.15364155
 0.05912481 0.13153349
 0.05645846 0.10973109
 0.05438859 0.08868505
 0.05297504 0.06958185
 0.05195511 0.04862076
 0.05093354 0.00436236
 0.05088801 0.00000000
