 6.33389963 0.00000000
 6.28959812 0.26981158
 6.23203873 0.42232432
 6.15837554 0.55440960
 6.07477738 0.66402122
 5.99765130 0.74264109
 5.89086199 0.82760178
 5.75053365 0.90879654
 5.60902300 0.96329856
 5.46835111 0.99456252
 5.33249189 1.00570311
 5.16232553 0.99310662
 5.02451246 0.96102164
 4.89870214 0.91289511
 4.79172185 0.85496270
 4.70140979 0.79133115
 4.61796284 0.71789106
 4.53763731 0.63003886
 4.45046210 0.49876317
 4.39372158 0.35255303
 4.36334058 0.21966653
 4.34719991 0.16671936
 4.32695071 0.12165842
 4.30392747 0.08398075
 4.26512035 0.00000000
