 0.94883727 0.00000000
 0.94078580 0.07254464
 0.93228145 0.14833820
 0.91879774 0.22082743
 0.89951847 0.29271196
 0.87494574 0.36294399
 0.84512368 0.43124761
 0.81020176 0.49723012
 0.77033952 0.56052380
 0.72572371 0.62076666
 0.67656622 0.67760667
 0.62310444 0.73070307
 0.56560122 0.77972816
 0.50434477 0.82436918
 0.43964838 0.86433033
 0.37185003 0.89933491
 0.30131182 0.92912757
 0.22841905 0.95347663
 0.15357924 0.97217650
 0.07722070 0.98505018
-0.00020909 0.99195164
-0.07824551 0.99276834
-0.15640910 0.98742353
-0.23420831 0.97587852
-0.31114248 0.95813468
-0.38670526 0.93423531
-0.46038836 0.90426708
-0.53168556 0.86836122
-0.60009701 0.82669424
-0.66513377 0.77948816
-0.72632249 0.72701028
-0.78321018 0.66957231
-0.83536899 0.60752897
-0.88240093 0.54127603
-0.92394248 0.47124729
-0.95966856 0.39791334
-0.98929707 0.32176668
-1.01259198 0.24337535
-1.02933048 0.16307814
-1.03934458 0.08227617
-1.04472747 0.00000000
