 0.72667396 0.00000000
 0.72341037 0.03063855
 0.71710356 0.12742916
 0.71028977 0.17813899
 0.69782709 0.23676776
 0.68152428 0.29447541
 0.66137817 0.35151974
 0.63744392 0.40760960
 0.60974436 0.46252238
 0.57828458 0.51604563
 0.54306684 0.56795816
 0.50409531 0.61802651
 0.46138061 0.66600186
 0.41494358 0.71161847
 0.36481896 0.75459261
 0.31105934 0.79462191
 0.25373940 0.83138530
 0.19296048 0.86454345
 0.12885562 0.89373987
 0.06159480 0.91860288
-0.00860941 0.93874861
-0.08149618 0.95378499
-0.15675080 0.96331722
-0.23399927 0.96695464
-0.31280356 0.96431909
-0.39265786 0.95505507
-0.47298616 0.93884140
-0.55314183 0.91540446
-0.63240960 0.88453266
-0.71001049 0.84609169
-0.78511013 0.80004012
-0.85683092 0.74644427
-0.92426807 0.68549142
-0.98650847 0.61750197
-1.04265889 0.54292396
-1.09184040 0.46240449
-1.13333978 0.37633664
-1.16603294 0.28722814
-1.18977884 0.18627894
-1.19853274 0.11210629
-1.26091070 0.00000000
