 6.91866699 0.00000000
 6.91075216 0.10530560
 6.87660948 0.26451522
 6.79230962 0.47070613
 6.69755652 0.61797931
 6.58291864 0.74189859
 6.45948170 0.83850946
 6.28173965 0.93236129
 6.13894316 0.97823486
 5.96848264 1.00414324
 5.78106494 0.99844111
 5.62488061 0.96651938
 5.49470505 0.91867785
 5.38715178 0.86248170
 5.27229912 0.78191978
 5.15641715 0.67214483
 5.04618157 0.52024917
 4.98638485 0.38037162
 4.96345477 0.28572020
 4.94889443 0.20416316
 4.93779123 0.16308727
 4.92481563 0.13207304
 4.91232855 0.11117489
 4.88902498 0.08324426
 4.85485038 0.04852191
 4.83290630 0.01158931
 4.83140953 0.00000000
