 6.02609093 0.00000000
 6.00232207 0.19444721
 5.94532026 0.37590967
 5.87364531 0.51920075
 5.79942169 0.62638468
 5.65879645 0.77029704
 5.55353557 0.84791205
 5.44046833 0.91021342
 5.32202988 0.95678594
 5.15992456 0.99477603
 5.01557477 1.00543640
 4.87214519 0.99530175
 4.73968874 0.96736396
 4.61966696 0.92484751
 4.50230645 0.86501263
 4.39820812 0.79361726
 4.30904031 0.71496830
 4.21948565 0.61411083
 4.15792683 0.52408627
 4.11098165 0.42726493
 4.07828612 0.32474531
 4.04721913 0.19444079
 4.00408883 0.09018315
 3.97197280 0.03162080
 3.96625882 0.00948153
 3.96572975 0.00000000
