 6.17989938 0.00000000
 6.14724060 0.22974838
 6.07367891 0.43261202
 5.98074390 0.58945543
 5.88588554 0.70228947
 5.71354699 0.84351744
 5.58938144 0.91247392
 5.46055878 0.96155461
 5.33095093 0.99203524
 5.16100269 1.00560276
 5.01670512 0.99414009
 4.87935497 0.96345994
 4.75771801 0.91836377
 4.65165686 0.86286012
 4.55139687 0.79374837
 4.46488998 0.71778375
 4.38965584 0.63607881
 4.31982462 0.53793367
 4.26247475 0.42175108
 4.22555693 0.29548757
 4.20946398 0.22246580
 4.18720531 0.15215854
 4.15518488 0.08878230
 4.12481194 0.03686563
 4.11562040 0.00399023
 4.11553258 0.00000000
