 0.80921755 0.00000000
 0.80096334 0.04414329
 0.79299104 0.13392903
 0.78434338 0.19190004
 0.76962315 0.25530896
 0.75069468 0.31730098
 0.72746386 0.37826321
 0.70002406 0.43784935
 0.66842321 0.49580766
 0.63270930 0.55187854
 0.59293730 0.60579513
 0.54917339 0.65728168
 0.50149834 0.70605278
 0.45001048 0.75181339
 0.39482866 0.79425922
 0.33609533 0.83307753
 0.27397977 0.86794849
 0.20868137 0.89854708
 0.14043297 0.92454560
 0.06950410 0.94561692
-0.00379586 0.96143848
-0.07911495 0.97169714
-0.15605631 0.97609479
-0.23417651 0.97435491
-0.31298482 0.96622977
-0.39194351 0.95150854
-0.47046955 0.93002578
-0.54793777 0.90167039
-0.62368583 0.86639460
-0.69702106 0.82422271
-0.76722922 0.77525917
-0.83358523 0.71969549
-0.89536571 0.65781547
-0.95186271 0.58999886
-1.00240037 0.51671801
-1.04634016 0.43855827
-1.08313536 0.35606231
-1.11214867 0.27053041
-1.13313124 0.17939652
-1.14416101 0.09729060
-1.16286994 0.00000000
