 0.69485151 0.00000000
 0.69240023 0.02674296
 0.68666661 0.12487181
 0.68044639 0.17300112
 0.66879758 0.22967390
 0.65345117 0.28569830
 0.63444045 0.34118449
 0.61180346 0.39586937
 0.58555452 0.44953718
 0.55568536 0.50199166
 0.52218189 0.55302853
 0.48502871 0.60243113
 0.44421373 0.64996642
 0.39973199 0.69538265
 0.35158943 0.73840774
 0.29980697 0.77874798
 0.24442493 0.81608738
 0.18550789 0.85008735
 0.12315011 0.88038717
 0.05748140 0.90660519
-0.01132648 0.92834103
-0.08305318 0.94517905
-0.15742279 0.95669319
-0.23409705 0.96245347
-0.31266881 0.96203438
-0.39265636 0.95502525
-0.47349900 0.94104276
-0.55455454 0.91974551
-0.63509941 0.89085049
-0.71433211 0.85415108
-0.79138073 0.80953586
-0.86531518 0.75700755
-0.93516507 0.69670007
-0.99994107 0.62889679
-1.05867444 0.55401843
-1.11039813 0.47275544
-1.15442406 0.38527789
-1.18927437 0.29531983
-1.21550080 0.18731528
-1.21862837 0.12085525
-1.39985727 0.00000000
