 0.71678265 0.00000000
 0.71381916 0.02937611
 0.70769672 0.12663177
 0.70107320 0.17653033
 0.68886883 0.23455482
 0.67286832 0.29174037
 0.65308023 0.34830252
 0.62955441 0.40395872
 0.60231102 0.45848868
 0.57135081 0.51168513
 0.53667069 0.56333219
 0.49826848 0.61320163
 0.45614742 0.66104949
 0.41032002 0.70661424
 0.36081178 0.74961553
 0.30766518 0.78975344
 0.25094400 0.82670810
 0.19073800 0.86013999
 0.12716806 0.88969083
 0.06039172 0.91498531
-0.00939101 0.93563384
-0.08193163 0.95123646
-0.15692704 0.96138808
-0.23401380 0.96568528
-0.31276274 0.96373475
-0.39267462 0.95516351
-0.47317716 0.93963091
-0.55362395 0.91684230
-0.63329585 0.88656412
-0.71140555 0.84864009
-0.78710559 0.80300773
-0.85950055 0.74971448
-0.92766349 0.68893207
-0.99065542 0.62097031
-1.04755581 0.54627025
-1.09745380 0.46548964
-1.13962348 0.37897142
-1.17285121 0.28951435
-1.19703621 0.18676126
-1.20486054 0.11467489
-1.28556599 0.00000000
