 5.71896304 0.00000000
 5.70695191 0.13684574
 5.64888561 0.34904653
 5.58612187 0.48614161
 5.49869799 0.61826709
 5.39020987 0.73674401
 5.26222502 0.83776122
 5.13213447 0.91064968
 5.00610179 0.95963983
 4.86976198 0.99195428
 4.73269922 1.00476950
 4.59790205 0.99918033
 4.45487411 0.97301925
 4.31776503 0.92640417
 4.19206428 0.86231121
 4.07024434 0.77609490
 3.99101308 0.70264456
 3.91014684 0.60834724
 3.82202206 0.46810384
 3.77187999 0.34114392
 3.73632899 0.19075496
 3.70902532 0.09906317
 3.69651820 0.07195295
 3.66902475 0.01812430
 3.66557382 0.00374790
 3.66544786 0.00000000
