 3.01427506 0.00000000
 2.99663133 0.17782811
 2.95392269 0.33507268
 2.89374374 0.47213848
 2.82470228 0.58360026
 2.73658794 0.69028264
 2.62921333 0.78807861
 2.47302169 0.88912907
 2.32042196 0.95330631
 2.17820058 0.98833430
 1.99322609 1.00240055
 1.83426301 0.98686030
 1.70042714 0.95316630
 1.54928740 0.88960874
 1.43658024 0.82093368
 1.35174044 0.75405809
 1.26216159 0.66452156
 1.17874870 0.55555188
 1.09902798 0.41023423
 1.05580389 0.29457285
 1.02439791 0.15737317
 1.01222849 0.00000000
