 7.11001890 0.00000000
 7.09752705 0.13366834
 7.06964501 0.25884424
 7.01770679 0.40154475
 6.93406050 0.55434369
 6.85181613 0.66287975
 6.75807897 0.75657242
 6.65652440 0.83456798
 6.55673506 0.89391183
 6.43730435 0.94621028
 6.29848911 0.98542066
 6.14341665 1.00513341
 5.96923532 0.99830938
 5.79028655 0.95871060
 5.65039923 0.90220886
 5.53967912 0.83809702
 5.45167561 0.77244253
 5.36603842 0.69243394
 5.29290945 0.60572073
 5.22954442 0.50542850
 5.18093927 0.39170843
 5.14927367 0.25469920
 5.13897670 0.19064909
 5.12696688 0.14983150
 5.11530653 0.12497971
 5.10216169 0.10478630
 5.08624539 0.08666930
 5.06209611 0.06540390
 5.01556488 0.00000000
