 0.70594042 0.00000000
 0.70325315 0.02804930
 0.69732636 0.12575946
 0.69090545 0.17477879
 0.67897907 0.23213667
 0.66330521 0.28874871
 0.64390482 0.34478011
 0.62082192 0.39995790
 0.59407374 0.45406414
 0.56365646 0.50689709
 0.52956140 0.55824663
 0.49177967 0.60789030
 0.45030673 0.65558948
 0.40514627 0.70108740
 0.35631392 0.74410769
 0.30384135 0.78435334
 0.24778056 0.82150617
 0.18820877 0.85522688
 0.12523361 0.88515568
 0.05899891 0.91091377
-0.01030923 0.93210588
-0.08245608 0.94832391
-0.15715177 0.95915199
-0.23404492 0.96417320
-0.31271682 0.96297797
-0.39267630 0.95517439
-0.47335610 0.94040054
-0.55411108 0.91833853
-0.63421899 0.88873043
-0.71288444 0.85139523
-0.78924670 0.80624659
-0.86239185 0.75331029
-0.93136977 0.69273993
-0.99521435 0.62483272
-1.05297740 0.55002060
-1.10371548 0.46897537
-1.14670197 0.38196739
-1.18060905 0.29219508
-1.20548791 0.18713301
-1.21176383 0.11775374
-1.32613545 0.00000000
