 1.50602456 0.00000000
 1.50317103 0.05130498
 1.49399289 0.13432542
 1.46428589 0.26348639
 1.41905849 0.38214118
 1.35836702 0.49308371
 1.28534434 0.59210096
 1.20268133 0.67798184
 1.11324119 0.75004516
 1.01965874 0.80833009
 0.92425765 0.85337561
 0.82898219 0.88607239
 0.73538588 0.90752462
 0.64465303 0.91893830
 0.55764029 0.92153683
 0.47492698 0.91650212
 0.39686678 0.90493688
 0.32363596 0.88784369
 0.25527573 0.86611600
 0.19172796 0.84053755
 0.13286423 0.81178711
 0.07850897 0.78044626
 0.02845728 0.74700874
-0.01751144 0.71189035
-0.05962337 0.67543862
-0.09810295 0.63794187
-0.13316758 0.59963760
-0.16502402 0.56071991
-0.19386596 0.52134619
-0.21987240 0.48164291
-0.24320671 0.44171087
-0.26401592 0.40162986
-0.28243003 0.36146321
-0.29856046 0.32126229
-0.31249428 0.28107546
-0.32428666 0.24095347
-0.33390352 0.20106822
-0.34127829 0.16164924
-0.34906397 0.10420245
-0.35334388 0.05169776
-0.35364493 0.00483027
-0.35383529 0.00000000
