 1.46276085 0.00000000
 1.46024032 0.04770349
 1.45185837 0.12821173
 1.42498553 0.25176022
 1.38377159 0.36638355
 1.32820244 0.47443195
 1.26081545 0.57211626
 1.18384686 0.65820423
 1.09973736 0.73188401
 1.01080457 0.79295873
 0.91916283 0.84168194
 0.82664957 0.87864898
 0.73479682 0.90468797
 0.64483167 0.92076572
 0.55769691 0.92791128
 0.47408332 0.92715800
 0.39446712 0.91950246
 0.31914790 0.90587773
 0.24828418 0.88713784
 0.18192498 0.86405071
 0.12003685 0.83729697
 0.06252639 0.80747287
 0.00925838 0.77509556
-0.03992972 0.74060976
-0.08521650 0.70439500
-0.12678796 0.66677289
-0.16483098 0.62801416
-0.19952849 0.58834519
-0.23105593 0.54795400
-0.25957866 0.50699565
-0.28525007 0.46559718
-0.30821017 0.42386211
-0.32858437 0.38187473
-0.34648236 0.33970459
-0.36199649 0.29741201
-0.37519851 0.25505840
-0.38613947 0.21270191
-0.39475242 0.17075148
-0.40143809 0.12718379
-0.40627419 0.07581204
-0.40700607 0.00746794
-0.40739291 0.00000000
