 0.74193615 0.00000000
 0.73809875 0.03270481
 0.73149346 0.12865700
 0.72437561 0.18063827
 0.71150716 0.24018923
 0.69473157 0.29869921
 0.67402695 0.35648273
 0.64945645 0.41323582
 0.62104711 0.46873194
 0.58881100 0.52275044
 0.55275899 0.57506181
 0.51290555 0.62542455
 0.46927312 0.67358253
 0.42189583 0.71926379
 0.37082309 0.76217969
 0.31612343 0.80202464
 0.25788858 0.83847626
 0.19623793 0.87119616
 0.13132321 0.89983136
 0.06333352 0.92401660
-0.00749956 0.94337753
-0.08089675 0.95753509
-0.15652608 0.96611104
-0.23399827 0.96873489
-0.31286274 0.96505229
-0.39260478 0.95473479
-0.47264403 0.93749110
-0.55233494 0.91307953
-0.63096953 0.88132148
-0.70778289 0.84211538
-0.78196184 0.79545075
-0.85265695 0.74142134
-0.91899805 0.68023660
-0.98011215 0.61223170
-1.03514883 0.53786320
-1.08327837 0.45776448
-1.12381544 0.37238420
-1.15575573 0.28387916
-1.17893899 0.18531293
-1.18864402 0.10858532
-1.23392632 0.00000000
