 1.22341797 0.00000000
 1.22130870 0.04156539
 1.21655196 0.09965768
 1.20096713 0.19576951
 1.17621363 0.28959244
 1.14239234 0.38040994
 1.10005360 0.46674990
 1.04988945 0.54770181
 0.99271786 0.62248513
 0.92943220 0.69048729
 0.86096939 0.75125044
 0.78827998 0.80446613
 0.71230266 0.84996564
 0.63394303 0.88770707
 0.55405697 0.91776014
 0.47343833 0.94028943
 0.39281080 0.95553745
 0.31282344 0.96380805
 0.23404945 0.96545096
 0.15698734 0.96084779
 0.08206416 0.95039986
 0.00964011 0.93451776
-0.05998596 0.91361282
-0.12657047 0.88809026
-0.18991889 0.85834389
-0.24987950 0.82475226
-0.30633745 0.78767593
-0.35920911 0.74745580
-0.40843696 0.70441227
-0.45398490 0.65884504
-0.49583411 0.61103344
-0.53397959 0.56123712
-0.56842722 0.50969685
-0.59919163 0.45663521
-0.62629474 0.40225657
-0.64976564 0.34674446
-0.66963994 0.29025820
-0.68597581 0.23288448
-0.69887415 0.17452095
-0.70844722 0.11541994
-0.71379651 0.06314749
-0.71589662 0.01196393
-0.71655502 0.00000000
