 6.13940611 0.00000000
 6.10932953 0.22000478
 6.04054364 0.41712040
 5.95372869 0.57047879
 5.86463384 0.68214443
 5.70087007 0.82480622
 5.58163051 0.89659538
 5.45665863 0.94964362
 5.32956825 0.98472528
 5.16098834 1.00501402
 5.01602326 0.99932805
 4.87649558 0.97381970
 4.75155945 0.93287229
 4.64156901 0.88032009
 4.53671499 0.81314308
 4.44575322 0.73793688
 4.31962600 0.59761270
 4.22433420 0.42762402
 4.18721725 0.30412570
 4.16186713 0.19683560
 4.13538911 0.12671871
 4.11332518 0.08653995
 4.09100236 0.04846435
 4.07946089 0.02134566
 4.07642053 0.00682741
 4.07613154 0.00000000
