 1.20042207 0.00000000
 1.19846423 0.03990990
 1.19390210 0.09731967
 1.17910006 0.19115058
 1.15551383 0.28314687
 1.12327217 0.37231630
 1.08282177 0.45737593
 1.03477068 0.53745883
 0.97984057 0.61181971
 0.91882932 0.67985453
 0.85258223 0.74109296
 0.78196652 0.79519564
 0.70784909 0.84194809
 0.63107748 0.88125168
 0.55246425 0.91311221
 0.47277474 0.93762687
 0.39271821 0.95497041
 0.31294215 0.96538130
 0.23402926 0.96914832
 0.15649689 0.96659806
 0.08079826 0.95808373
 0.00732529 0.94397525
-0.06358765 0.92465079
-0.13165912 0.90048980
-0.19665568 0.87186731
-0.25838674 0.83914953
-0.31669940 0.80269051
-0.37147353 0.76282983
-0.42261704 0.71989106
-0.47006157 0.67418097
-0.51375849 0.62598926
-0.55367553 0.57558877
-0.58979385 0.52323593
-0.62210601 0.46917120
-0.65061469 0.41361904
-0.67533312 0.35678525
-0.69628526 0.29885353
-0.71352110 0.23994422
-0.72714372 0.17997919
-0.73723911 0.11940935
-0.74304279 0.06483273
-0.74545070 0.01419347
-0.74627565 0.00000000
