 2.35519582 0.00000000
 2.33312341 0.20281290
 2.28670171 0.36002659
 2.23401327 0.47523850
 2.13788906 0.62134690
 2.03125451 0.73648541
 1.91770100 0.82701747
 1.79854575 0.89697305
 1.67762104 0.94755808
 1.51044170 0.98929782
 1.35716693 1.00172000
 1.22038632 0.99292565
 1.05026232 0.95474011
 0.91420485 0.90009968
 0.80899751 0.84046485
 0.68875670 0.74859918
 0.59138257 0.64869089
 0.51685754 0.54877358
 0.46176022 0.45328281
 0.39733781 0.29285688
 0.36288798 0.13377405
 0.35419031 0.00000000
