 1.39791674 0.00000000
 1.40661572 0.09065013
 1.38102457 0.24167108
 1.34801555 0.34483652
 1.30107504 0.45192172
 1.24357959 0.54987743
 1.17654648 0.63921704
 1.10168879 0.71880911
 1.02067331 0.78813270
 0.93512750 0.84695716
 0.84658752 0.89532697
 0.75644747 0.93351309
 0.66593884 0.96196108
 0.57611820 0.98124236
 0.48786812 0.99201046
 0.40190561 0.99496368
 0.31879609 0.99081504
 0.23897031 0.98026897
 0.16274241 0.96400431
 0.09032791 0.94266259
 0.02186067 0.91684062
-0.04259165 0.88708657
-0.10301382 0.85389861
-0.15943121 0.81772541
-0.21189964 0.77896806
-0.26049686 0.73798278
-0.30531555 0.69508418
-0.34645758 0.65054882
-0.38402934 0.60461880
-0.41813802 0.55750534
-0.44888867 0.50939225
-0.47638190 0.46043920
-0.50071176 0.41078494
-0.52196496 0.36054957
-0.54021395 0.30984448
-0.55553332 0.25875656
-0.56796699 0.20731447
-0.57747330 0.15608458
-0.58272663 0.11344407
-0.58675980 0.00451888
-0.58836816 0.00000000
