 0.74068234 0.00000000
 0.73689775 0.03252900
 0.73031769 0.12855641
 0.72322532 0.18043226
 0.71039049 0.23990802
 0.69365398 0.29835227
 0.67299548 0.35607532
 0.64847747 0.41277422
 0.62012666 0.46822278
 0.58795452 0.52220102
 0.55197120 0.57448012
 0.51219030 0.62481924
 0.46863328 0.67296285
 0.42133315 0.71863948
 0.37033810 0.76156088
 0.31571533 0.80142169
 0.25755518 0.83789963
 0.19597553 0.87065619
 0.13112659 0.89933808
 0.06319590 0.92357946
-0.00758651 0.94300519
-0.08094285 0.95723509
-0.15654254 0.96588954
-0.23399749 0.96859637
-0.31285813 0.96499926
-0.39261039 0.95476755
-0.47267424 0.93760750
-0.55240398 0.91327482
-0.63109096 0.88158825
-0.70796908 0.84244359
-0.78222339 0.79582788
-0.85300212 0.74183271
-0.91943228 0.68066578
-0.98063759 0.61266112
-1.03576412 0.53827468
-1.08397817 0.45814087
-1.12459194 0.37270460
-1.15659197 0.28414790
-1.17981918 0.18540082
-1.18946213 0.10885638
-1.23582388 0.00000000
