 1.73114734 0.00000000
 1.73478112 0.09408622
 1.70525556 0.26688465
 1.66273426 0.38295014
 1.60722871 0.49528887
 1.53892148 0.59850524
 1.46146212 0.68930708
 1.37691359 0.76771398
 1.28775558 0.83347826
 1.19606834 0.88698688
 1.10367085 0.92891304
 1.01204683 0.96015213
 0.92236714 0.98171667
 0.83551386 0.99466305
 0.75211891 1.00003589
 0.67260456 0.99883058
 0.59722336 0.99196998
 0.52609418 0.98029218
 0.45923361 0.96454607
 0.39658217 0.94539221
 0.33802577 0.92340723
 0.28341275 0.89909010
 0.23256725 0.87286940
 0.18529943 0.84511090
 0.14141322 0.81612490
 0.10071203 0.78617320
 0.06300284 0.75547549
 0.02809913 0.72421511
-0.00417724 0.69254412
-0.03399472 0.66058784
-0.06151143 0.62844872
-0.08687487 0.59620977
-0.11022184 0.56393747
-0.13167868 0.53168430
-0.15136152 0.49949087
-0.16937675 0.46738779
-0.18582141 0.43539721
-0.20078366 0.40353420
-0.21434326 0.37180789
-0.22657200 0.34022249
-0.23753405 0.30877819
-0.24728626 0.27747215
-0.25587830 0.24629962
-0.26335233 0.21525623
-0.26974236 0.18434187
-0.27507487 0.15355687
-0.27933400 0.12308549
-0.28239361 0.09392885
-0.28449119 0.06339792
-0.28661559 0.01372182
-0.28700023 0.00000000
