 3.55634255 0.00000000
 3.54235804 0.15578080
 3.48520137 0.36111630
 3.43716882 0.46749901
 3.34702993 0.60898870
 3.24203936 0.72619489
 3.08707447 0.84723944
 2.91397442 0.93488567
 2.73205097 0.98662813
 2.58380583 1.00259635
 2.45099105 0.99808195
 2.33447252 0.97940810
 2.19586382 0.93792205
 2.04457991 0.86517580
 1.93497005 0.79033038
 1.85447643 0.71970119
 1.77412886 0.63105457
 1.70073370 0.52670153
 1.62819459 0.38353023
 1.58631196 0.25703436
 1.56132865 0.12855886
 1.55013692 0.00000000
