 5.49257138 0.00000000
 5.44634000 0.27998495
 5.40348918 0.39749021
 5.34437463 0.51348895
 5.26763329 0.62471437
 5.17350533 0.72812288
 5.07290606 0.81212927
 4.96991338 0.87794669
 4.85257479 0.93382402
 4.72755162 0.97435753
 4.59696308 0.99824539
 4.44946574 1.00441485
 4.29825992 0.98825298
 4.15059730 0.94872213
 3.99827316 0.88056340
 3.89350501 0.81383211
 3.78264732 0.71982030
 3.66003521 0.57384021
 3.59774073 0.46969264
 3.54180821 0.33041283
 3.49517309 0.13685053
 3.48188414 0.09031562
 3.47263403 0.07003775
 3.45510216 0.03843994
 3.44375699 0.00000000
