 3.74147665 0.00000000
 3.73192679 0.12707398
 3.70060894 0.27109099
 3.64173315 0.42765925
 3.57524509 0.54766968
 3.45333011 0.70013454
 3.31753391 0.81672725
 3.19284392 0.89264712
 3.06227258 0.94847217
 2.92900436 0.98447586
 2.73411123 1.00335340
 2.58495365 0.99186448
 2.45804175 0.96399789
 2.35163212 0.92659902
 2.23068951 0.86622193
 2.10512384 0.77885879
 1.98633005 0.66406066
 1.89609598 0.54374753
 1.84235492 0.44864547
 1.79073468 0.32343784
 1.76162085 0.21608102
 1.73472081 0.00000000
