 5.12857352 0.00000000
 5.10611938 0.19189774
 5.06875885 0.32504419
 5.01016459 0.46125908
 4.92713943 0.59548173
 4.83405521 0.70493357
 4.71261857 0.80992421
 4.56406395 0.90052427
 4.43793330 0.95252369
 4.29434696 0.98906689
 4.13774702 1.00455746
 3.95606062 0.99136432
 3.81687978 0.95799605
 3.70213436 0.91372500
 3.60837994 0.86442144
 3.50336231 0.79247271
 3.40801020 0.70732098
 3.31430042 0.59673003
 3.25073069 0.49728438
 3.20092209 0.39326959
 3.16444633 0.28561983
 3.13345505 0.15400787
 3.11232777 0.00000000
