 1.56907780 0.00000000
 1.57018154 0.09116955
 1.55001157 0.22461482
 1.51933835 0.32735260
 1.47792259 0.42782719
 1.42654115 0.52188567
 1.36680046 0.60802022
 1.30002019 0.68567197
 1.22771516 0.75431421
 1.15130367 0.81377741
 1.07213188 0.86411373
 0.99141454 0.90557700
 0.91022097 0.93857120
 0.82946445 0.96360840
 0.74990416 0.98126990
 0.67215329 0.99217372
 0.59669191 0.99694851
 0.52388214 0.99621355
 0.45398427 0.99056429
 0.38717255 0.98056245
 0.32355001 0.96672994
 0.26316188 0.94954565
 0.20600744 0.92944450
 0.15205019 0.90681805
 0.10122649 0.88201617
 0.05345278 0.85534951
 0.00863149 0.82709230
-0.03334413 0.79748537
-0.07258620 0.76673921
-0.10920911 0.73503699
-0.14332716 0.70253739
-0.17505271 0.66937728
-0.20449484 0.63567421
-0.23175826 0.60152864
-0.25694262 0.56702598
-0.28014201 0.53223849
-0.30144459 0.49722684
-0.32093241 0.46204166
-0.33868135 0.42672482
-0.35476104 0.39131057
-0.36923493 0.35582665
-0.38216032 0.32029522
-0.39358834 0.28473378
-0.40356373 0.24915646
-0.41212404 0.21357683
-0.41930098 0.17800085
-0.42509948 0.14249972
-0.42939492 0.10782283
-0.43235837 0.07228274
-0.43523772 0.02082560
-0.43601550 0.00000000
