 0.81621309 0.00000000
 0.80739120 0.04556397
 0.79931290 0.13447357
 0.79048220 0.19311401
 0.77556404 0.25690907
 0.75640254 0.31926418
 0.73289956 0.38055481
 0.70515098 0.44043194
 0.67320740 0.49864022
 0.63712120 0.55491572
 0.59695267 0.60898764
 0.55277405 0.66057674
 0.50467286 0.70939488
 0.45275471 0.75514503
 0.39714619 0.79752185
 0.33799785 0.83621254
 0.27548730 0.87089836
 0.20982237 0.90125653
 0.14124422 0.92696293
 0.07003047 0.94769535
-0.00350194 0.96313751
-0.07899425 0.97298394
-0.15604380 0.97694553
-0.23420269 0.97475598
-0.31297730 0.96617885
-0.39182889 0.95101541
-0.47017551 0.92911281
-0.54739539 0.90037269
-0.62283202 0.86475971
-0.69580101 0.82230976
-0.76559879 0.77313752
-0.83151313 0.71744282
-0.89283532 0.65551542
-0.94887347 0.58773807
-0.99896843 0.51458327
-1.04249929 0.43663152
-1.07893328 0.35442824
-1.10766149 0.26921695
-1.12842671 0.17870085
-1.13947511 0.09636503
-1.15695581 0.00000000
