 6.36905095 0.00000000
 6.32163470 0.27964975
 6.26066501 0.43583701
 6.18246717 0.57061033
 6.09415694 0.68140597
 6.01313256 0.76001236
 5.90173039 0.84377995
 5.75658622 0.92201119
 5.61160573 0.97243422
 5.46896402 0.99912604
 5.33249591 1.00556368
 5.16339117 0.98709958
 5.02784801 0.95073909
 4.90528821 0.89921916
 4.80196826 0.83905636
 4.71526502 0.77423473
 4.63540812 0.70038484
 4.56331392 0.61878337
 4.50300731 0.53063238
 4.45693415 0.43662564
 4.42446267 0.33339767
 4.39638606 0.21107713
 4.38405556 0.17080882
 4.36512469 0.12756203
 4.33736990 0.08246089
 4.29917871 0.00000000
