 5.16896907 0.00000000
 5.14457008 0.20040287
 5.10455976 0.33777733
 5.04169455 0.47789341
 4.95292076 0.61481416
 4.85398050 0.72507384
 4.72616083 0.82894664
 4.57146884 0.91611461
 4.44156182 0.96404727
 4.29534742 0.99530786
 4.13775249 1.00456226
 3.95739213 0.98417319
 3.82098170 0.94581775
 3.66390157 0.87339242
 3.51924961 0.77279707
 3.42901246 0.68721809
 3.34103132 0.57772600
 3.28178419 0.48039215
 3.23571475 0.37949516
 3.20191820 0.27530258
 3.17217854 0.14591957
 3.15241619 0.00000000
