 1.21316875 0.00000000
 1.21540018 0.09137291
 1.19992271 0.19598804
 1.17659804 0.28812216
 1.14395085 0.37969329
 1.10306886 0.46654731
 1.05438788 0.54850130
 0.99869174 0.62468184
 0.93676112 0.69450619
 0.86944300 0.75748517
 0.79760234 0.81326474
 0.72210772 0.86161259
 0.64381095 0.90241200
 0.56353204 0.93565088
 0.48204665 0.96140949
 0.40007703 0.97984721
 0.31828578 0.99118908
 0.23727252 0.99571278
 0.15757269 0.99373626
 0.07965838 0.98560662
 0.00394066 0.97169016
-0.06922699 0.95236384
-0.13954447 0.92800811
-0.20676037 0.89900100
-0.27066698 0.86571352
-0.33109536 0.82850606
-0.38791043 0.78772585
-0.44100631 0.74370522
-0.49030195 0.69676057
-0.53573708 0.64719198
-0.57726851 0.59528326
-0.61486689 0.54130246
-0.64851370 0.48550262
-0.67819876 0.42812284
-0.70391839 0.36938851
-0.72566634 0.30952314
-0.74346184 0.24871061
-0.75736558 0.18692874
-0.76615403 0.12813648
-0.77451939 0.04899730
-0.78268956 0.00000000
