 0.75456985 0.00000000
 0.75013764 0.03454427
 0.74327135 0.12966611
 0.73589157 0.18272028
 0.72268201 0.24302246
 0.70551048 0.30219253
 0.68433932 0.36058246
 0.65923807 0.41787835
 0.63023731 0.47385000
 0.59735515 0.52826976
 0.56060999 0.58090120
 0.52002518 0.63149620
 0.47563336 0.67979279
 0.42748001 0.72551407
 0.37562702 0.76836775
 0.32015635 0.80804598
 0.26117404 0.84422583
 0.19881445 0.87657029
 0.13324476 0.90472992
 0.06466965 0.92834542
-0.00666390 0.94705100
-0.08046189 0.96047895
-0.15637877 0.96826524
-0.23401346 0.97005651
-0.31290601 0.96551825
-0.39253544 0.95434440
-0.47231892 0.93626807
-0.55161292 0.91107340
-0.62971649 0.87860819
-0.70587718 0.83879677
-0.77929987 0.79165285
-0.84915865 0.73729133
-0.91461183 0.67593837
-0.97481910 0.60793995
-1.02896490 0.53375804
-1.07625890 0.45401607
-1.11604155 0.36919468
-1.14739471 0.28122386
-1.17014519 0.18435969
-1.18035805 0.10601253
-1.21683633 0.00000000
