 0.75903581 0.00000000
 0.75436495 0.03522596
 0.74740381 0.13002054
 0.73992908 0.18345886
 0.72659804 0.24402356
 0.70928572 0.30342597
 0.68794889 0.36202896
 0.66265930 0.41951529
 0.63344881 0.47565335
 0.60033774 0.53021303
 0.56334720 0.58295540
 0.52250377 0.63363004
 0.47784380 0.68197292
 0.42941684 0.72770551
 0.37728925 0.77053426
 0.32154779 0.81015065
 0.26230359 0.84623166
 0.19969630 0.87844089
 0.13389855 0.90643029
 0.06512046 0.92984279
-0.00638562 0.94831578
-0.08032060 0.96148566
-0.15633431 0.96899355
-0.23402168 0.97049217
-0.31291965 0.96565408
-0.39250525 0.95418109
-0.47219503 0.93581486
-0.55134637 0.91034852
-0.62926102 0.87763897
-0.70519106 0.83761946
-0.77834783 0.79031191
-0.84791374 0.73583837
-0.91305708 0.67443060
-0.97294890 0.60643808
-1.02678577 0.53232438
-1.07379088 0.45270959
-1.11331401 0.36808345
-1.14446510 0.28030602
-1.16706557 0.18399768
-1.17741544 0.10516606
-1.21147653 0.00000000
