 1.74342715 0.00000000
 1.74731243 0.09406504
 1.71691019 0.27044714
 1.67332685 0.38750118
 1.61661790 0.50069385
 1.54686312 0.60454385
 1.46793799 0.69557132
 1.38196430 0.77387262
 1.29150433 0.83923884
 1.19868720 0.89211803
 1.10536111 0.93324578
 1.01302013 0.96357681
 0.92283141 0.98417585
 0.83566356 0.99614259
 0.75212903 1.00055571
 0.67262766 0.99843598
 0.59738871 0.99072411
 0.52650847 0.97826972
 0.45998252 0.96182819
 0.39773248 0.94206275
 0.33962763 0.91954982
 0.28550198 0.89478611
 0.23516751 0.86819657
 0.18842422 0.84014243
 0.14506766 0.81092896
 0.10489436 0.78081274
 0.06770581 0.75000818
 0.03331108 0.71869350
 0.00152860 0.68701585
-0.02781274 0.65509590
-0.05487307 0.62303179
-0.07980135 0.59090255
-0.10273543 0.55877097
-0.12380234 0.52668620
-0.14311865 0.49468579
-0.16079096 0.46279758
-0.17691634 0.43104124
-0.19158289 0.39942958
-0.20487019 0.36796969
-0.21684979 0.33666397
-0.22758557 0.30551098
-0.23713405 0.27450647
-0.24554454 0.24364447
-0.25285881 0.21291975
-0.25911047 0.18233166
-0.26432552 0.15188091
-0.26848682 0.12176151
-0.27146933 0.09298970
-0.27351388 0.06281204
-0.27558798 0.01327333
-0.27595124 0.00000000
