 0.78139345 0.00000000
 0.77530360 0.03890978
 0.76786218 0.13177469
 0.75989128 0.18717943
 0.74594670 0.24903330
 0.72792322 0.30959174
 0.70575137 0.36925154
 0.67951333 0.42768049
 0.64924758 0.48463912
 0.61498605 0.53988447
 0.57676416 0.59316527
 0.53462536 0.64421964
 0.48862504 0.69277368
 0.43883383 0.73854099
 0.38534091 0.78122256
 0.32825744 0.82050717
 0.26772018 0.85607228
 0.20389534 0.88758552
 0.13698254 0.91470684
 0.06721880 0.93709141
-0.00511747 0.95439343
-0.07970268 0.96627086
-0.15616464 0.97239115
-0.23407978 0.97243807
-0.31297115 0.96611957
-0.39230752 0.95317660
-0.47150398 0.93339288
-0.54992416 0.90660533
-0.62688452 0.87271485
-0.70166088 0.83169716
-0.77349734 0.78361313
-0.84161772 0.72861806
-0.90523941 0.66696915
-0.96358883 0.59903138
-1.01592129 0.52527408
-1.06152454 0.44630161
-1.09979508 0.36263623
-1.12996800 0.27584714
-1.15183331 0.18204576
-1.16263852 0.10133587
-1.18791693 0.00000000
