 6.87557515 0.00000000
 6.86847336 0.09964067
 6.83679369 0.25302087
 6.75833357 0.45308504
 6.67009223 0.59727910
 6.56259259 0.72039231
 6.44554970 0.81837388
 6.27501322 0.91674314
 6.13612620 0.96761420
 5.96815631 1.00045917
 5.78062427 1.00275702
 5.62202540 0.97723666
 5.48815075 0.93414700
 5.37643032 0.88110748
 5.25593782 0.80282481
 5.17132354 0.73112227
 5.06305886 0.61167848
 4.98272404 0.48087727
 4.94608191 0.38924847
 4.92192719 0.29349376
 4.90732381 0.21294838
 4.89227680 0.15802029
 4.88017181 0.13043058
 4.86609046 0.10783827
 4.83265159 0.06991528
 4.79221228 0.01497928
 4.78981554 0.00000000
