 6.73290942 0.00000000
 6.72803151 0.08268801
 6.70344650 0.21743765
 6.64142909 0.39806937
 6.57192454 0.53126911
 6.48606626 0.64933089
 6.38936703 0.74883058
 6.24342940 0.85776374
 6.11953850 0.92225824
 5.96345933 0.97571266
 5.78037612 1.00401381
 5.61775811 1.00089673
 5.47440009 0.97590207
 5.35044272 0.93594913
 5.21179778 0.86859244
 5.11166203 0.80139430
 5.02801230 0.73009768
 4.92100145 0.61245768
 4.82013662 0.43462673
 4.77431464 0.26890827
 4.75433951 0.17807452
 4.74054997 0.14141195
 4.72353233 0.11130191
 4.70414555 0.08591306
 4.68291046 0.06141755
 4.66236345 0.03344423
 4.65187708 0.00000000
