 0.92565583 0.00000000
 0.91555106 0.06876111
 0.90718829 0.14516259
 0.89461913 0.21530901
 0.87620259 0.28561614
 0.85273199 0.35432430
 0.82420116 0.42128474
 0.79074318 0.48611800
 0.75248854 0.54848087
 0.70959200 0.60803020
 0.66223067 0.66442828
 0.61060514 0.71734368
 0.55494014 0.76645269
 0.49548518 0.81144105
 0.43251510 0.85200576
 0.36633048 0.88785726
 0.29725784 0.91872171
 0.22564974 0.94434363
 0.15188448 0.96448860
 0.07636555 0.97894624
-0.00047924 0.98753329
-0.07819913 0.99009684
-0.15632220 0.98651753
-0.23435757 0.97671283
-0.31179823 0.96064015
-0.38812433 0.93829984
-0.46280702 0.90973786
-0.53531281 0.87504820
-0.60510839 0.83437472
-0.67166598 0.78791252
-0.73446891 0.73590863
-0.79301762 0.67866201
-0.84683572 0.61652266
-0.89547613 0.54989008
-0.93852731 0.47921006
-0.97561810 0.40497493
-1.00642589 0.32769736
-1.03066960 0.24802209
-1.04809123 0.16608715
-1.05841484 0.08433541
-1.06510842 0.00000000
