 2.54535812 0.00000000
 2.53059794 0.16434132
 2.49507421 0.30738928
 2.44753670 0.42816281
 2.37351409 0.55883198
 2.24330164 0.71541775
 2.10530140 0.82868368
 1.96481792 0.90849449
 1.82447978 0.96143013
 1.68888382 0.99123557
 1.51180224 1.00151237
 1.35922599 0.98497765
 1.23032438 0.95188314
 1.07881120 0.88759517
 0.96404306 0.81708455
 0.87902714 0.74929282
 0.78553668 0.65403832
 0.71246815 0.55771444
 0.63742749 0.42429438
 0.57370452 0.24419987
 0.55004459 0.11127690
 0.54404948 0.00000000
