 0.84363272 0.00000000
 0.83279963 0.05143928
 0.82445393 0.13667573
 0.81484393 0.19804415
 0.79913086 0.26335830
 0.77902172 0.32716726
 0.75441348 0.38976723
 0.72541056 0.45080097
 0.69207604 0.50999688
 0.65448132 0.56707327
 0.61270938 0.62174350
 0.56685818 0.67371490
 0.51704344 0.72268892
 0.46340098 0.76836161
 0.40608926 0.81042458
 0.34529190 0.84856624
 0.28122019 0.88247370
 0.21411567 0.91183498
 0.14425254 0.93634194
 0.07193992 0.95569373
-0.00247617 0.96960082
-0.07861129 0.97778975
-0.15604156 0.98000844
-0.23430336 0.97603200
-0.31289391 0.96566919
-0.39127284 0.94876911
-0.46886490 0.92522819
-0.54506398 0.89499726
-0.61923852 0.85808829
-0.69073833 0.81458078
-0.75890280 0.76462728
-0.82307056 0.70845780
-0.88259023 0.64638275
-0.93683191 0.57879444
-0.98520043 0.50616367
-1.02714142 0.42905142
-1.06217607 0.34800697
-1.08979598 0.26408009
-1.10971916 0.17585790
-1.12074131 0.09298314
-1.13437202 0.00000000
