 3.23472717 0.00000000
 3.21133643 0.20819822
 3.15873750 0.38155474
 3.08987353 0.52355450
 2.98606029 0.66990336
 2.86490978 0.79020349
 2.73376154 0.88396946
 2.59788502 0.95241812
 2.43081284 1.00492929
 2.27438909 1.02662414
 2.13247046 1.02479979
 1.95509990 0.99322894
 1.81864983 0.94437606
 1.71628315 0.89131113
 1.60802762 0.81596408
 1.49990783 0.71421565
 1.40212888 0.58708716
 1.34410685 0.48413768
 1.29004402 0.35084675
 1.25974594 0.23737130
 1.23816975 0.10885312
 1.22947450 0.00000000
