 4.57191397 0.00000000
 4.55752459 0.15425747
 4.49688200 0.36667863
 4.43941489 0.48908518
 4.33929617 0.63633190
 4.23700039 0.74418434
 4.08196937 0.85957734
 3.93566028 0.93232852
 3.80248645 0.97522514
 3.67488852 0.99796843
 3.55564669 1.00411209
 3.40262729 0.99117143
 3.24154761 0.95083845
 3.11023317 0.89535584
 3.00390395 0.83267427
 2.89578250 0.74786401
 2.79761912 0.64554928
 2.71289169 0.52666191
 2.65160141 0.40741296
 2.60696218 0.28025285
 2.57610798 0.14674655
 2.55908364 0.00000000
