 0.79458701 0.00000000
 0.78750726 0.04130375
 0.77979683 0.13279707
 0.77151440 0.18940050
 0.75720395 0.25199704
 0.73875492 0.31323442
 0.71608468 0.37351221
 0.68928096 0.43249086
 0.65838651 0.48992545
 0.62344061 0.54556525
 0.58448771 0.59915163
 0.54158173 0.65041607
 0.49478986 0.69907913
 0.44419563 0.74485014
 0.38990209 0.78742738
 0.33203508 0.82649865
 0.27074668 0.86174241
 0.20621879 0.89282943
 0.13866681 0.91942517
 0.06834327 0.94119285
-0.00445852 0.95779735
-0.07940127 0.96891004
-0.15610073 0.97421445
-0.23412350 0.97341300
-0.31298562 0.96623460
-0.39215229 0.95244310
-0.47103899 0.93184651
-0.54901420 0.90430669
-0.62540405 0.86974930
-0.69949903 0.82817365
-0.77056284 0.77966187
-0.83784359 0.72438707
-0.90058695 0.66261974
-0.95805088 0.59473241
-1.00952385 0.52119637
-1.05432936 0.44260695
-1.09189111 0.35949826
-1.12150792 0.27330210
-1.14295060 0.18081414
-1.15389704 0.09933601
-1.17565527 0.00000000
