 0.83806911 0.00000000
 0.82759582 0.05021583
 0.81928468 0.13621608
 0.80984143 0.19701737
 0.79429268 0.26202095
 0.77438110 0.32552969
 0.75000315 0.38785998
 0.72126163 0.44865598
 0.68821680 0.50764969
 0.65093595 0.56456314
 0.60949716 0.61911292
 0.56399293 0.67100912
 0.51453296 0.71995522
 0.46124671 0.76564858
 0.40428596 0.80778127
 0.34382740 0.84604128
 0.28007535 0.88011428
 0.21326438 0.90968585
 0.14366193 0.93444432
 0.07157074 0.95408421
-0.00266904 0.96831027
-0.07867803 0.97684228
-0.15603649 0.97942036
-0.23428376 0.97581104
-0.31291863 0.96581374
-0.39140076 0.94926778
-0.46915322 0.92605957
-0.54556640 0.89613003
-0.62000340 0.85948167
-0.69180683 0.81618536
-0.76030721 0.76638621
-0.82483274 0.71030842
-0.88472040 0.64825852
-0.93932778 0.58062715
-0.98804688 0.50788576
-1.03031009 0.43059938
-1.06562774 0.34931728
-1.09347224 0.26512543
-1.11356550 0.17645063
-1.12460401 0.09364272
-1.13891689 0.00000000
