 0.76224046 0.00000000
 0.75738898 0.03572585
 0.75035919 0.13027404
 0.74281551 0.18398968
 0.72939707 0.24474174
 0.71198345 0.30431055
 0.69052752 0.36306600
 0.66510258 0.42068851
 0.63574139 0.47694547
 0.60246589 0.53160491
 0.56529917 0.58442617
 0.52427017 0.63515717
 0.47941788 0.68353242
 0.43079484 0.72927221
 0.37847061 0.77208215
 0.32253542 0.81165325
 0.26310405 0.84766246
 0.20031997 0.87977387
 0.13435969 0.90764046
 0.06543723 0.93090682
-0.00619125 0.94921264
-0.08022305 0.96219733
-0.15630472 0.96950570
-0.23402838 0.97079490
-0.31292882 0.96574253
-0.39248172 0.95405605
-0.47210324 0.93548322
-0.55115151 0.90982357
-0.62893023 0.87694048
-0.70469481 0.83677348
-0.77766123 0.78935033
-0.84701787 0.73479809
-0.91194014 0.67335240
-0.97160719 0.60536521
-1.02522421 0.53130109
-1.07202396 0.45177785
-1.11136293 0.36729107
-1.14237054 0.27965348
-1.16486408 0.18373122
-1.17530111 0.10457697
-1.20779613 0.00000000
