 6.90789298 0.00000000
 6.90018820 0.10386482
 6.86667674 0.26160754
 6.78387865 0.46625692
 6.69079170 0.61277563
 6.57796254 0.73652975
 6.45613119 0.83352659
 6.28017271 0.92856689
 6.13832062 0.97572585
 5.96842956 1.00339288
 5.78091925 0.99968826
 5.62408206 0.96934411
 5.49295161 0.92265507
 5.38433891 0.86721365
 5.26808837 0.78717700
 5.15052563 0.67750795
 5.03011411 0.51066448
 4.97535210 0.37972906
 4.95305941 0.28763542
 4.93850971 0.20638803
 4.92795979 0.16635485
 4.91601804 0.13641340
 4.90473431 0.11621293
 4.88320943 0.08867017
 4.84908045 0.05382702
 4.82325516 0.01430433
 4.82101571 0.00000000
