 0.71987125 0.00000000
 0.71681942 0.02976455
 0.71064007 0.12688071
 0.70395770 0.17703160
 0.69167311 0.23524523
 0.67557860 0.29259394
 0.65567911 0.34930688
 0.63202616 0.40509879
 0.60464072 0.45974867
 0.57352489 0.51304765
 0.53867723 0.56477819
 0.50009752 0.61471044
 0.45779127 0.66259890
 0.41177357 0.70818073
 0.36207278 0.75117449
 0.30873452 0.79127946
 0.25182595 0.82817539
 0.19144044 0.86152277
 0.12770266 0.89096382
 0.06077405 0.91612435
-0.00914146 0.93661648
-0.08179147 0.95204268
-0.15686924 0.96200104
-0.23400795 0.96609207
-0.31277562 0.96392718
-0.39267089 0.95513882
-0.47312022 0.93939243
-0.55347705 0.91639995
-0.63302336 0.88593472
-0.71097436 0.84784737
-0.78648660 0.80208209
-0.85867017 0.74869229
-0.92660498 0.68785467
-0.98936006 0.61988243
-1.04602330 0.54521894
-1.09569372 0.46451843
-1.13764858 0.37814095
-1.17070345 0.28878784
-1.19473959 0.18662450
-1.20289001 0.11384675
-1.27696695 0.00000000
