 6.02069736 0.00000000
 5.99719788 0.19329164
 5.94070413 0.37402561
 5.86968021 0.51683288
 5.79611614 0.62376650
 5.65655421 0.76764589
 5.55195592 0.84546455
 5.43948576 0.90813547
 5.32151140 0.95519956
 5.15980346 0.99398002
 5.01557464 1.00541180
 4.87204420 0.99603344
 4.73930001 0.96875851
 4.61884637 0.92678164
 4.50091222 0.86736861
 4.39618152 0.79622219
 4.30639319 0.71765733
 4.21614760 0.61672305
 4.15394304 0.52642814
 4.10636521 0.42909714
 4.07325201 0.32603022
 4.04873318 0.22176128
 4.02564012 0.14535495
 3.98505562 0.06670556
 3.96183703 0.01510690
 3.96046927 0.00000000
