 0.75488806 0.00000000
 0.75043935 0.03459227
 0.74356633 0.12969141
 0.73617984 0.18277286
 0.72296163 0.24309380
 0.70578009 0.30228044
 0.68459713 0.36068558
 0.65948247 0.41799506
 0.63046678 0.47397859
 0.59756832 0.52840836
 0.56080568 0.58104774
 0.52020244 0.63164846
 0.47579151 0.67994839
 0.42761866 0.72567053
 0.37574608 0.76852248
 0.32025608 0.80819635
 0.26125507 0.84436921
 0.19887778 0.87670408
 0.13329178 0.90485162
 0.06470214 0.92845267
-0.00664378 0.94714170
-0.08045161 0.96055126
-0.15637548 0.96831770
-0.23401400 0.97008809
-0.31290702 0.96552842
-0.39253338 0.95433319
-0.47231024 0.93623612
-0.55159412 0.91102202
-0.62968425 0.87853929
-0.70582850 0.83871295
-0.77923222 0.79155727
-0.84907009 0.73718767
-0.91450112 0.67583074
-0.97468583 0.60783268
-1.02880952 0.53365559
-1.07608282 0.45392266
-1.11584687 0.36911523
-1.14718555 0.28115813
-1.16992529 0.18433428
-1.18014856 0.10595120
-1.21644467 0.00000000
