 2.13371200 0.00000000
 2.14605919 0.04767964
 2.07106911 0.41988249
 1.97813727 0.55692399
 1.87557369 0.68773863
 1.74787721 0.80288087
 1.61725063 0.88722573
 1.48573585 0.94766539
 1.35831534 0.98696423
 1.23754894 1.00882804
 1.12494319 1.01664195
 1.02113762 1.01339239
 0.92620640 1.00159378
 0.83986793 0.98330794
 0.76163474 0.96019272
 0.69091437 0.93356302
 0.62707532 0.90445069
 0.56948794 0.87365828
 0.51754886 0.84180499
 0.47069432 0.80936462
 0.42840637 0.77669632
 0.39021468 0.74406929
 0.35569562 0.71168236
 0.32446978 0.67967953
 0.29619878 0.64816213
 0.27058163 0.61719845
 0.24735114 0.58683126
 0.22627041 0.55708372
 0.20712958 0.52796396
 0.18974281 0.49946875
 0.17394558 0.47158625
 0.15959228 0.44429830
 0.14655403 0.41758203
 0.13471675 0.39141127
 0.12397957 0.36575758
 0.11425327 0.34059102
 0.10545910 0.31588087
 0.09752760 0.29159612
 0.09039771 0.26770600
 0.08401596 0.24418050
 0.07833583 0.22099101
 0.07331722 0.19811134
 0.06892617 0.17551957
 0.06513481 0.15320210
 0.06192108 0.13115822
 0.05927041 0.10942086
 0.05721307 0.08844210
 0.05580829 0.06940765
 0.05479367 0.04851495
 0.05377763 0.00431774
 0.05373307 0.00000000
