 0.76416916 0.00000000
 0.75920520 0.03603112
 0.75213391 0.13042627
 0.74454842 0.18430951
 0.73107727 0.24517390
 0.71360259 0.30484274
 0.69207490 0.36368977
 0.66656840 0.42139407
 0.63711643 0.47772236
 0.60374191 0.53244160
 0.56646912 0.58531006
 0.52532842 0.63607465
 0.48036043 0.68446905
 0.43161947 0.73021281
 0.37917706 0.77301106
 0.32312551 0.81255452
 0.26358180 0.84852018
 0.20069170 0.88057240
 0.13463404 0.90836483
 0.06562521 0.93154304
-0.00607637 0.94974815
-0.08016585 0.96262138
-0.15628780 0.96980978
-0.23403271 0.97097316
-0.31293408 0.96579217
-0.39246680 0.95397767
-0.47204684 0.93528107
-0.55103279 0.90950574
-0.62872957 0.87651891
-0.70439458 0.83626388
-0.77724664 0.78877188
-0.84647768 0.73417293
-0.91126739 0.67270499
-0.97079979 0.60472142
-1.02428521 0.53068740
-1.07096212 0.45121934
-1.11019107 0.36681615
-1.14111290 0.27926309
-1.16354235 0.18356837
-1.17402773 0.10422946
-1.20564020 0.00000000
