 0.99822157 0.00000000
 0.99497384 0.07830479
 0.98577826 0.15613254
 0.97051543 0.23300037
 0.94927724 0.30843933
 0.92219415 0.38198586
 0.88943127 0.45318851
 0.85118878 0.52160990
 0.80770033 0.58682949
 0.75923175 0.64844612
 0.70607946 0.70608050
 0.64856867 0.75937749
 0.58705150 0.80800830
 0.52190479 0.85167254
 0.45352791 0.89010006
 0.38234029 0.92305265
 0.30877893 0.95032554
 0.23329576 0.97174868
 0.15635484 0.98718790
 0.07842958 0.99654570
-0.00000017 0.99976197
-0.07845107 0.99681441
-0.15643925 0.98771871
-0.23348332 0.97252852
-0.30910734 0.95133520
-0.38284374 0.92426728
-0.45423633 0.89148975
-0.52284304 0.85320307
-0.58823877 0.80964197
-0.65001805 0.76107408
-0.70779754 0.70779824
-0.76121855 0.65014272
-0.80994923 0.58846316
-0.85368670 0.52314042
-0.89215902 0.45457820
-0.92512685 0.38320049
-0.95238504 0.30944898
-0.97376394 0.23378031
-0.98913030 0.15666292
-0.99838852 0.07857533
-1.00153999 0.00000000
