 0.77095437 0.00000000
 0.76557239 0.03713203
 0.75835460 0.13095977
 0.75061991 0.18543692
 0.73696284 0.24669403
 0.71927275 0.30671402
 0.69749202 0.36588228
 0.67169809 0.42387321
 0.64192625 0.48045121
 0.60820293 0.53537937
 0.57055670 0.58841220
 0.52902301 0.63929313
 0.48364821 0.68775281
 0.43449298 0.73350840
 0.38163574 0.77626331
 0.32517618 0.81570742
 0.26523907 0.85151777
 0.20197820 0.88335993
 0.13558064 0.91088987
 0.06627093 0.93375686
-0.00568452 0.95160703
-0.07997337 0.96408809
-0.15623347 0.97085508
-0.23404958 0.97157717
-0.31295090 0.96594576
-0.39240971 0.95368360
-0.47184145 0.93455492
-0.55060650 0.90837643
-0.62801418 0.87502883
-0.70332905 0.83446843
-0.77577984 0.78673838
-0.84457107 0.73197896
-0.90889739 0.67043598
-0.96795970 0.60246763
-1.02098629 0.52854095
-1.06723540 0.44926755
-1.10608180 0.36515679
-1.13670509 0.27790297
-1.15891058 0.18298218
-1.16954416 0.10304650
-1.19836208 0.00000000
