 0.84395884 0.00000000
 0.83310575 0.05151135
 0.82475831 0.13670295
 0.81513840 0.19810482
 0.79941564 0.26343723
 0.77929482 0.32726390
 0.75467298 0.38987975
 0.72565461 0.45092749
 0.69230296 0.51013529
 0.65468970 0.56722125
 0.61289808 0.62189852
 0.56702641 0.67387430
 0.51719073 0.72284989
 0.46352727 0.76852129
 0.40619488 0.81058007
 0.34537757 0.84871468
 0.28128706 0.88261230
 0.21416530 0.91196111
 0.14428687 0.93645318
 0.07196129 0.95578793
-0.00246510 0.96967619
-0.07860755 0.97784489
-0.15604194 0.98004239
-0.23430448 0.97604435
-0.31289232 0.96566004
-0.39126508 0.94873916
-0.46884761 0.92517872
-0.54503402 0.89493012
-0.61919306 0.85800590
-0.69067496 0.81448605
-0.75881966 0.76452356
-0.82296638 0.70834878
-0.88246441 0.64627233
-0.93668462 0.57868662
-0.98503257 0.50606241
-1.02695466 0.42896044
-1.06197272 0.34792997
-1.08957946 0.26401870
-1.10949267 0.17582288
-1.12051370 0.09294483
-1.13410570 0.00000000
