 0.78797281 0.00000000
 0.78140079 0.04008320
 0.77382243 0.13228529
 0.76569811 0.18828393
 0.75157145 0.25050961
 0.73333642 0.31140669
 0.71091670 0.37137499
 0.68439730 0.43007848
 0.65381878 0.48727507
 0.61921670 0.54271794
 0.58063091 0.59615215
 0.53811003 0.64731251
 0.49171528 0.69592232
 0.44152368 0.74169302
 0.38763128 0.78432420
 0.33015653 0.82350409
 0.26924382 0.85891060
 0.20506718 0.89021284
 0.13783409 0.91707343
 0.06778935 0.93915148
-0.00478116 0.95610645
-0.07954695 0.96760291
-0.15612973 0.97331628
-0.23410095 0.97293962
-0.31298003 0.96619129
-0.39223386 0.95282369
-0.47127760 0.93263269
-0.54947721 0.90546773
-0.62615388 0.87124217
-0.70059068 0.82994360
-0.77204146 0.78164366
-0.83974216 0.72650668
-0.90292434 0.66479664
-0.96083024 0.59688241
-1.01273185 0.52323444
-1.05793493 0.44445257
-1.09584960 0.36106552
-1.12574356 0.27457140
-1.14739712 0.18143760
-1.15828191 0.10031794
-1.18169405 0.00000000
