 0.74130904 0.00000000
 0.73749819 0.03261673
 0.73090553 0.12860670
 0.72380044 0.18053522
 0.71094881 0.24004858
 0.69419278 0.29852569
 0.67351123 0.35627897
 0.64896699 0.41300496
 0.62058693 0.46847730
 0.58838281 0.52247568
 0.55236516 0.57477092
 0.51254800 0.62512185
 0.46895329 0.67327266
 0.42161459 0.71895162
 0.37058070 0.76187029
 0.31591949 0.80172319
 0.25772199 0.83818799
 0.19610684 0.87092624
 0.13122501 0.89958480
 0.06326480 0.92379813
-0.00754295 0.94319148
-0.08091974 0.95738522
-0.15653427 0.96600043
-0.23399786 0.96866578
-0.31286044 0.96502592
-0.39260762 0.95475131
-0.47265919 0.93754943
-0.55236953 0.91317730
-0.63103033 0.88145497
-0.70787609 0.84227957
-0.78209272 0.79563937
-0.85282964 0.74162706
-0.91921526 0.68045120
-0.98037496 0.61244640
-1.03545654 0.53806891
-1.08362831 0.45795263
-1.12420370 0.37254436
-1.15617382 0.28401345
-1.17937904 0.18535706
-1.18905332 0.10872052
-1.23486990 0.00000000
