 1.12558333 0.00000000
 1.12576282 0.04248702
 1.12378776 0.08779228
 1.11271301 0.17752593
 1.09299636 0.26441832
 1.06565950 0.34889512
 1.03104425 0.43032230
 0.98954881 0.50801612
 0.94162752 0.58136903
 0.88779583 0.64983183
 0.82861467 0.71292751
 0.76468128 0.77025252
 0.69661763 0.82147875
 0.62505996 0.86635322
 0.55064877 0.90469617
 0.47401983 0.93639789
 0.39579610 0.96141436
 0.31658100 0.97976212
 0.23695271 0.99151254
 0.15745979 0.99678575
 0.07861792 0.99574444
 0.00090763 0.98858776
-0.07522688 0.97554542
-0.14937817 0.95687212
-0.22117528 0.93284243
-0.29028283 0.90374615
-0.35639965 0.86988418
-0.41925710 0.83156495
-0.47861707 0.78910136
-0.53426995 0.74280824
-0.58603234 0.69300029
-0.63374493 0.63999049
-0.67727033 0.58408890
-0.71649098 0.52560181
-0.75130710 0.46483137
-0.78163577 0.40207484
-0.80740727 0.33762497
-0.82855562 0.27179195
-0.84514464 0.20463790
-0.85649866 0.13805302
-0.86445939 0.06411255
-0.87209903 0.00000000
