 1.97671120 0.00000000
 1.98687993 0.08145417
 1.93375146 0.35020662
 1.86458119 0.48333767
 1.78168765 0.61000495
 1.67989384 0.72312097
 1.57063378 0.81373263
 1.45678036 0.88479744
 1.34251023 0.93748186
 1.23058088 0.97393559
 1.12299039 0.99641119
 1.02100979 1.00713164
 0.92536046 1.00814849
 0.83635486 1.00128211
 0.75401754 0.98810245
 0.67817937 0.96993634
 0.60854839 0.94788820
 0.54476115 0.92286670
 0.48641889 0.89561240
 0.43311225 0.86672410
 0.38443764 0.83668250
 0.34000755 0.80587075
 0.29945671 0.77459206
 0.26244530 0.74308440
 0.22866019 0.71153271
 0.19781492 0.68007898
 0.16964881 0.64883055
 0.14392566 0.61786679
 0.12043205 0.58724462
 0.09897569 0.55700296
 0.07938364 0.52716634
 0.06150056 0.49774784
 0.04518721 0.46875143
 0.03031885 0.44017388
 0.01678393 0.41200636
 0.00448280 0.38423560
-0.00667337 0.35684499
-0.01676358 0.32981540
-0.02585792 0.30312592
-0.03401824 0.27675455
-0.04129877 0.25067898
-0.04774661 0.22487756
-0.05340190 0.19933102
-0.05829777 0.17402608
-0.06246026 0.14895995
-0.06590733 0.12415106
-0.06860821 0.09997065
-0.07047504 0.07760356
-0.07177683 0.05344634
-0.07309749 0.00681795
-0.07320767 0.00000000
