 1.32153304 0.00000000
 1.32084151 0.08044495
 1.30932371 0.17381027
 1.29067774 0.25709534
 1.26483388 0.33924023
 1.23229867 0.41811894
 1.19349587 0.49328119
 1.14895241 0.56415278
 1.09924769 0.63026286
 1.04499458 0.69123438
 0.98682714 0.74678087
 0.92538350 0.79670592
 0.86129311 0.84089735
 0.79516500 0.87932046
 0.72757851 0.91200958
 0.65907609 0.93905902
 0.59015829 0.96061359
 0.52128061 0.97685933
 0.45285201 0.98801463
 0.38523496 0.99432203
 0.31874646 0.99604078
 0.25366010 0.99344039
 0.19020868 0.98679502
 0.12858725 0.97637881
 0.06895647 0.96246206
 0.01144599 0.94530818
-0.04384208 0.92517133
-0.09682989 0.90229477
-0.14746069 0.87690957
-0.19569583 0.84923392
-0.24151202 0.81947274
-0.28489889 0.78781761
-0.32585667 0.75444690
-0.36439418 0.71952614
-0.40052704 0.68320853
-0.43427608 0.64563550
-0.46566595 0.60693740
-0.49472392 0.56723423
-0.52147878 0.52663639
-0.54596000 0.48524542
-0.56819691 0.44315479
-0.58821807 0.40045070
-0.60605065 0.35721275
-0.62172007 0.31351470
-0.63524931 0.26942567
-0.64665934 0.22500975
-0.65597469 0.18029948
-0.66313861 0.13558494
-0.66814960 0.09086075
-0.67240390 0.03638890
-0.67432331 0.00000000
