 0.69870868 0.00000000
 0.69618005 0.02719223
 0.69038024 0.12517993
 0.68409099 0.17361789
 0.67234652 0.23052932
 0.65688711 0.28675827
 0.63774180 0.34243443
 0.61495070 0.39729126
 0.58852913 0.45111227
 0.55847033 0.50369931
 0.52476206 0.55484609
 0.48739114 0.60433394
 0.44634805 0.65192786
 0.40163077 0.69737436
 0.35324859 0.74039980
 0.30122610 0.78070931
 0.24560765 0.81798608
 0.18646217 0.85189120
 0.12388854 0.88206418
 0.05802146 0.90812429
-0.01096233 0.92967281
-0.08283744 0.94629661
-0.15732304 0.95757307
-0.23407622 0.96307662
-0.31268568 0.96238717
-0.39266625 0.95510051
-0.47345475 0.94084064
-0.55440770 0.91927430
-0.63480169 0.89012718
-0.71383699 0.85320156
-0.79064516 0.80839480
-0.86430121 0.75571774
-0.93384113 0.69531125
-0.99828278 0.62746362
-1.05666298 0.55259970
-1.10802089 0.47140274
-1.15164738 0.38408152
-1.18612313 0.29416445
-1.21176176 0.18727930
-1.21631981 0.11984555
-1.36849195 0.00000000
