 0.79193764 0.00000000
 0.78506370 0.04080997
 0.77740536 0.13259220
 0.76918675 0.18895241
 0.75495001 0.25140073
 0.73658688 0.31250179
 0.71401716 0.37265566
 0.68732753 0.43152417
 0.65655983 0.48886356
 0.62175186 0.54442466
 0.58294618 0.59795032
 0.54019461 0.64917336
 0.49356191 0.69781543
 0.44312900 0.74358669
 0.38899612 0.78618593
 0.33128613 0.82530112
 0.27014803 0.86061048
 0.20576057 0.89178409
 0.13833597 0.91848627
 0.06812369 0.94037856
-0.00458595 0.95712366
-0.07945835 0.96839019
-0.15611164 0.97385843
-0.23411433 0.97322703
-0.31298380 0.96622069
-0.39218589 0.95259866
-0.47113592 0.93216410
-0.54920135 0.90477391
-0.62570630 0.87034886
-0.69993827 0.82888359
-0.77115703 0.78045605
-0.83860579 0.72523590
-0.90152459 0.66349102
-0.95916513 0.59559253
-1.01080928 0.52201141
-1.05577352 0.44334479
-1.09347609 0.36012475
-1.12320355 0.27380908
-1.14473046 0.18106525
-1.15565424 0.09972463
-1.17805090 0.00000000
