 1.17986922 0.00000000
 1.17960844 0.01295924
 1.17921945 0.02568096
 1.17789269 0.04985063
 1.17364216 0.09590222
 1.15926627 0.18698827
 1.13663667 0.27745237
 1.10576133 0.36510995
 1.06695335 0.44899821
 1.02075238 0.52825583
 0.96779774 0.60217594
 0.90880722 0.67016517
 0.84454746 0.73174718
 0.77581278 0.78656068
 0.70340567 0.83435613
 0.62811989 0.87498955
 0.55072602 0.90841413
 0.47195968 0.93467015
 0.39251242 0.95387386
 0.31302531 0.96620597
 0.23408475 0.97190021
 0.15622053 0.97123234
 0.07990557 0.96451005
 0.00555721 0.95206371
-0.06646041 0.93423828
-0.13583320 0.91138642
-0.20229326 0.88386263
-0.26561484 0.85201851
-0.32560999 0.81619906
-0.38212436 0.77673980
-0.43503301 0.73396476
-0.48423647 0.68818515
-0.52965715 0.63969857
-0.57123608 0.58878875
-0.60893032 0.53572567
-0.64271132 0.48076572
-0.67256524 0.42415138
-0.69849736 0.36610775
-0.72054374 0.30682965
-0.73879573 0.24645563
-0.75359562 0.18454454
-0.76507895 0.12237482
-0.77110824 0.07879101
-0.77356251 0.05139477
-0.77520267 0.01641017
-0.77628224 0.00000000
