 4.96440911 0.00000000
 4.94854439 0.16026082
 4.90154215 0.33413338
 4.81335272 0.52017388
 4.74169463 0.62386664
 4.64495821 0.72948773
 4.52166999 0.82913287
 4.41289503 0.89402018
 4.28353292 0.94909466
 4.13569030 0.98806411
 3.95462129 1.00458752
 3.80832262 0.99368219
 3.68234322 0.96661850
 3.57548193 0.92965439
 3.45161440 0.86832290
 3.33480350 0.78849421
 3.21563706 0.67664050
 3.13212740 0.57024334
 3.06460394 0.45419492
 3.01441605 0.33103586
 2.97662667 0.18827185
 2.94933471 0.00000000
