 0.97411119 0.00000000
 0.96854245 0.07586470
 0.95974321 0.15217285
 0.94530546 0.22700728
 0.92504682 0.30067960
 0.89921493 0.37260207
 0.86791662 0.44238792
 0.83132530 0.50962485
 0.78963638 0.57391798
 0.74307533 0.63488497
 0.69189561 0.69215915
 0.63637808 0.74539134
 0.57683005 0.79425190
 0.51358420 0.83843275
 0.44699740 0.87764941
 0.37744923 0.91164299
 0.30534050 0.94018212
 0.23109138 0.96306494
 0.15513950 0.98012084
 0.07793777 0.99121226
-0.00004801 0.99623626
-0.07834171 0.99512601
-0.15645962 0.98785208
-0.23391343 0.97442347
-0.31021332 0.95488851
-0.38487125 0.92933541
-0.45740437 0.89789253
-0.52733847 0.86072841
-0.59421163 0.81805135
-0.65757774 0.77010876
-0.71701015 0.71718599
-0.77210515 0.65960499
-0.82248548 0.59772240
-0.86780357 0.53192737
-0.90774467 0.46263894
-0.94202976 0.39030376
-0.97041764 0.31538936
-0.99271065 0.23839781
-1.00873385 0.15978220
-1.01837550 0.08026575
-1.02253430 0.00000000
