 0.95636869 0.00000000
 0.94904794 0.07362062
 0.94047015 0.14944299
 0.92669555 0.22265495
 0.90712851 0.29506525
 0.88218646 0.36579882
 0.85193132 0.43454310
 0.81651913 0.50090009
 0.77611970 0.56449401
 0.73093090 0.62495676
 0.68117663 0.68193182
 0.62710689 0.73507570
 0.56899749 0.78405984
 0.50714967 0.82857255
 0.44188956 0.86832099
 0.37356749 0.90303337
 0.30255712 0.93246107
 0.22925430 0.95638087
 0.15407572 0.97459727
 0.07745735 0.98694469
-0.00014754 0.99328972
-0.07827045 0.99353329
-0.15643026 0.98761271
-0.23413591 0.97550355
-0.31088956 0.95722133
-0.38618997 0.93282298
-0.45953610 0.90240793
-0.53043108 0.86611891
-0.59838622 0.82414234
-0.66292535 0.77670825
-0.72358913 0.72408976
-0.77993945 0.66660202
-0.83156383 0.60460068
-0.87807967 0.53847978
-0.91913840 0.46866889
-0.95442914 0.39563147
-0.98368233 0.31985283
-1.00667456 0.24187949
-1.02319655 0.16209524
-1.03310312 0.08165111
-1.03810097 0.00000000
