 0.83445111 0.00000000
 0.82422862 0.04942721
 0.81594528 0.13592142
 0.80660800 0.19635761
 0.79116519 0.26116014
 0.77138049 0.32447529
 0.74715046 0.38663151
 0.71857683 0.44727391
 0.68571812 0.50613675
 0.64863900 0.56294445
 0.60741448 0.61741571
 0.56213354 0.66926237
 0.51290209 0.71818929
 0.45984550 0.76389469
 0.40311127 0.80607098
 0.34287167 0.84440593
 0.27932650 0.87858436
 0.21270585 0.90829031
 0.14327279 0.93320993
 0.07132589 0.95303477
-0.00279849 0.96746599
-0.07872434 0.97621901
-0.15603462 0.97902900
-0.23427068 0.97565694
-0.31293242 0.96589624
-0.39147957 0.94957986
-0.46933422 0.92658774
-0.54588457 0.89685432
-0.62049033 0.86037593
-0.69248950 0.81721776
-0.76120687 0.76752005
-0.82596391 0.71150311
-0.88609001 0.64947086
-0.94093464 0.58181282
-0.98988142 0.50900073
-1.03235406 0.43160226
-1.06785581 0.35016648
-1.09584631 0.26580364
-1.11605029 0.17683156
-1.12709668 0.09407815
-1.14187663 0.00000000
