 6.35012224 0.00000000
 6.30440646 0.27431888
 6.24529846 0.42852228
 6.16957333 0.56185494
 6.08382264 0.67203405
 6.00490886 0.75067164
 5.89599365 0.83511604
 5.75343203 0.91498616
 5.61029136 0.96763934
 5.46867309 0.99681273
 5.33249279 1.00579133
 5.16276644 0.99047401
 5.02596778 0.95639220
 4.90163325 0.90666956
 4.79633341 0.84767469
 4.70769136 0.78346489
 4.62591422 0.70981239
 4.55032159 0.62585801
 4.48937269 0.53958111
 4.44085716 0.44310362
 4.40680629 0.33779240
 4.37861140 0.21574257
 4.36150779 0.16131682
 4.32772602 0.09551464
 4.28084080 0.00000000
