 4.54504374 0.00000000
 4.53148781 0.14968703
 4.47356457 0.35759715
 4.41872680 0.47781415
 4.32298126 0.62323343
 4.22458590 0.73081233
 4.07451332 0.84756042
 3.93170319 0.92282171
 3.80076887 0.96866891
 3.67446557 0.99463738
 3.55564392 1.00393862
 3.40204960 0.99506413
 3.23897676 0.95873213
 3.10499879 0.90598595
 2.99577854 0.84499597
 2.87137730 0.74997634
 2.79608819 0.67478245
 2.69346834 0.53863660
 2.62906156 0.41722161
 2.58215074 0.28736658
 2.55017663 0.15173343
 2.53235093 0.00000000
