 6.84326309 0.00000000
 6.83672524 0.09556174
 6.80678865 0.24463500
 6.73242538 0.44017754
 6.64880250 0.58196829
 6.54648113 0.70423569
 6.43417316 0.80295129
 6.26914353 0.90429680
 6.13340380 0.95865612
 5.96766164 0.99651362
 5.78049232 1.00480553
 5.62043631 0.98422824
 5.48401625 0.94493972
 5.36929423 0.89451301
 5.24457369 0.81824834
 5.15654917 0.74722791
 5.07539035 0.66592629
 4.97536549 0.52815910
 4.91714050 0.39910150
 4.89088167 0.29953561
 4.86688145 0.18096112
 4.85354162 0.14324466
 4.84300207 0.12278913
 4.81566737 0.08613920
 4.77035076 0.03490689
 4.76100384 0.01520285
 4.75859875 0.00000000
