 7.04531111 0.00000000
 7.03455643 0.12348911
 7.00953020 0.24225742
 6.96314600 0.37799548
 6.88792223 0.52512539
 6.81372176 0.63111137
 6.72849939 0.72437529
 6.63471586 0.80403085
 6.49231075 0.89379607
 6.29493422 0.97075306
 6.14296665 0.99992082
 5.96865080 1.00432674
 5.78544809 0.97570211
 5.63915832 0.92669067
 5.52144398 0.86716799
 5.42679873 0.80389309
 5.32805985 0.71913615
 5.25045259 0.63448625
 5.16434051 0.50411893
 5.10742656 0.36131705
 5.08618529 0.26450720
 5.06983196 0.17528842
 5.04364185 0.11498064
 5.00494753 0.07167035
 4.97873049 0.04826978
 4.95391018 0.00632359
 4.95339406 0.00000000
