 0.74981095 0.00000000
 0.74561650 0.03383639
 0.73884990 0.12928704
 0.73156993 0.18193474
 0.71848933 0.24195539
 0.70146737 0.30087730
 0.68047233 0.35903944
 0.65557137 0.41613157
 0.62679372 0.47192490
 0.59415521 0.52619447
 0.55767134 0.57870642
 0.51736207 0.62921515
 0.47325618 0.67746085
 0.42539483 0.72316847
 0.37383517 0.76604703
 0.31865408 0.80578950
 0.25995220 0.84207311
 0.19785824 0.87456025
 0.13253357 0.90290009
 0.06417703 0.92673101
-0.00697015 0.94568394
-0.08061947 0.95938682
-0.15643042 0.96747023
-0.23400626 0.96957433
-0.31289047 0.96535711
-0.39256431 0.95450408
-0.47244579 0.93673922
-0.55189049 0.91183701
-0.63019471 0.87963538
-0.70660124 0.84004907
-0.78030812 0.79308280
-0.85048057 0.73884369
-0.91626622 0.67755176
-0.97681253 0.60954907
-1.03129089 0.53529571
-1.07889633 0.45541875
-1.11895947 0.37038800
-1.15053090 0.28221340
-1.17344268 0.18473207
-1.18348708 0.10694932
-1.22289584 0.00000000
