 1.09579376 0.00000000
 1.09446911 0.06841981
 1.08733047 0.13811280
 1.07542716 0.20601164
 1.05884242 0.27306038
 1.03771448 0.33864225
 1.01216680 0.40248893
 0.98236463 0.46427080
 0.94849293 0.52369258
 0.91076063 0.58047465
 0.86939628 0.63435951
 0.82464614 0.68511222
 0.77677139 0.73252179
 0.72604547 0.77640188
 0.67275149 0.81659134
 0.61717953 0.85295432
 0.55962418 0.88538016
 0.50038213 0.91378293
 0.43974985 0.93810084
 0.37802160 0.95829533
 0.31548745 0.97435001
 0.25243163 0.98626952
 0.18913103 0.99407820
 0.12585394 0.99781869
 0.06285895 0.99755053
 0.00039409 0.99334868
-0.06130385 0.98530208
-0.12200982 0.97351218
-0.18151085 0.95809158
-0.23960627 0.93916268
-0.29610773 0.91685640
-0.35083919 0.89131101
-0.40363670 0.86267101
-0.45434823 0.83108610
-0.50283330 0.79671032
-0.54896269 0.75970113
-0.59261794 0.72021877
-0.63369101 0.67842554
-0.67208378 0.63448531
-0.70770762 0.58856301
-0.74048290 0.54082425
-0.77033860 0.49143500
-0.79721185 0.44056135
-0.82104748 0.38836937
-0.84179796 0.33502469
-0.85942202 0.28069319
-0.87388488 0.22554416
-0.88517903 0.16968949
-0.89315797 0.11368768
-0.89849784 0.05518139
-0.90172606 0.00000000
