 2.04735154 0.00000000
 2.02117015 0.22281434
 1.97943345 0.35996190
 1.92342477 0.48101087
 1.85769362 0.58518186
 1.74264481 0.71860307
 1.61315620 0.82481025
 1.48052191 0.90194764
 1.34737769 0.95481837
 1.21785518 0.98645002
 1.04054531 1.00137334
 0.88380234 0.98812852
 0.75218423 0.95717709
 0.63832550 0.91437791
 0.54081665 0.86420093
 0.42494296 0.78479244
 0.33531906 0.70432960
 0.23744096 0.58896248
 0.15078210 0.44573008
 0.10351261 0.33388599
 0.06280636 0.18032831
 0.04679397 0.00000000
