 1.47524566 0.00000000
 1.46701275 0.12598141
 1.44336297 0.24910868
 1.38946914 0.40461154
 1.31240354 0.54671248
 1.21603492 0.67170363
 1.10635850 0.77584177
 0.98668483 0.85961062
 0.86101208 0.92298031
 0.67220678 0.98095214
 0.49003295 1.00051040
 0.32079870 0.98869982
 0.16786591 0.95233207
 0.03252353 0.89744407
-0.08526477 0.82896201
-0.18630212 0.75074728
-0.27174442 0.66571379
-0.34285527 0.57600414
-0.40084138 0.48316078
-0.46541629 0.34059166
-0.51431929 0.14671242
-0.52487374 0.00000000
