 5.47097224 0.00000000
 5.42661345 0.27400233
 5.38526907 0.38974122
 5.32836975 0.50410129
 5.25426819 0.61428482
 5.16306696 0.71738237
 5.06525422 0.80183607
 4.96462890 0.86869307
 4.84945811 0.92626187
 4.72614098 0.96903932
 4.59662020 0.99555789
 4.44945711 1.00483297
 4.29762964 0.99188221
 4.14838436 0.95525349
 3.99344570 0.88953382
 3.88625105 0.82399225
 3.77227942 0.73055342
 3.64561664 0.58393687
 3.58078705 0.47843420
 3.52222516 0.33648780
 3.47463093 0.14152225
 3.46280924 0.09726950
 3.45074924 0.06938612
 3.42262675 0.00000000
