 0.74381995 0.00000000
 0.73990114 0.03297116
 0.73325771 0.12880800
 0.72610142 0.18094801
 0.71318237 0.24061175
 0.69634798 0.29922041
 0.67557400 0.35709469
 0.65092457 0.41392909
 0.62242724 0.46949655
 0.59009496 0.52357539
 0.55393971 0.57593507
 0.51397725 0.62633309
 0.47023153 0.67451246
 0.42273835 0.72020045
 0.37154897 0.76310786
 0.31673390 0.80292874
 0.25838700 0.83934060
 0.19662988 0.87200520
 0.13161659 0.90057008
 0.06353856 0.92467082
-0.00737030 0.94393431
-0.08082850 0.95798315
-0.15650200 0.96644118
-0.23399970 0.96894048
-0.31286958 0.96512961
-0.39259592 0.95468349
-0.47259794 0.93731447
-0.55223032 0.91278477
-0.63078609 0.88091977
-0.70750214 0.84162183
-0.78156796 0.79488416
-0.85213763 0.74080376
-0.91834525 0.67959265
-0.97932274 0.61158770
-1.03422492 0.53724638
-1.08222805 0.45720049
-1.12265055 0.37190417
-1.15450164 0.28347728
-1.17761931 0.18517838
-1.18741318 0.10818370
-1.23115499 0.00000000
