 0.75871602 0.00000000
 0.75406275 0.03517657
 0.74710844 0.12999521
 0.73964055 0.18340592
 0.72631823 0.24395188
 0.70901600 0.30333767
 0.68769104 0.36192543
 0.66241496 0.41939815
 0.63321949 0.47552433
 0.60012482 0.53007401
 0.56315185 0.58280848
 0.52232695 0.63347746
 0.47768617 0.68181708
 0.42927879 0.72754891
 0.37717084 0.77037949
 0.32144874 0.81000035
 0.26222325 0.84608849
 0.19963365 0.87830744
 0.13385217 0.90630907
 0.06508855 0.92973613
-0.00640525 0.94822579
-0.08033051 0.96141415
-0.15633737 0.96894196
-0.23402105 0.97046151
-0.31291871 0.96564485
-0.39250751 0.95419321
-0.47220405 0.93584766
-0.55136565 0.91040069
-0.62929384 0.87770854
-0.70524040 0.83770382
-0.77841619 0.79040789
-0.84800302 0.73594229
-0.91316848 0.67453836
-0.97308280 0.60654537
-1.02694169 0.53242674
-1.07396738 0.45280283
-1.11350898 0.36816275
-1.14467446 0.28037141
-1.16728563 0.18402398
-1.17762631 0.10522567
-1.21185099 0.00000000
