 0.87547720 0.00000000
 0.86344941 0.05853755
 0.85506119 0.13952296
 0.84440480 0.20425529
 0.82770982 0.27140061
 0.80640191 0.33700107
 0.78039668 0.40120358
 0.74980725 0.46364425
 0.71471652 0.52402759
 0.67522288 0.58204956
 0.63144055 0.63740419
 0.58350218 0.68978332
 0.53156089 0.73887727
 0.47579203 0.78437583
 0.41639513 0.82596964
 0.35359573 0.86335186
 0.28764716 0.89622035
 0.21883221 0.92428019
 0.14746466 0.94724672
 0.07389045 0.96484896
-0.00151144 0.97683358
-0.07832858 0.98296916
-0.15611528 0.98305101
-0.23439343 0.97690612
-0.31265408 0.96439853
-0.39035995 0.94543466
-0.46694882 0.91996877
-0.54183795 0.88800811
-0.61442958 0.84961778
-0.68411735 0.80492496
-0.75029376 0.75412236
-0.81235854 0.69747068
-0.86972758 0.63529970
-0.92184243 0.56800835
-0.96818056 0.49606125
-1.00826142 0.41999470
-1.04166797 0.34035137
-1.06799199 0.25799769
-1.08694183 0.17228990
-1.09778389 0.08940049
-1.10816066 0.00000000
