 4.16129473 0.00000000
 4.15332874 0.11736647
 4.13189244 0.23152447
 4.07624563 0.40105153
 4.02050890 0.51569142
 3.91702930 0.66617192
 3.79799689 0.78804766
 3.68519022 0.87295510
 3.56347794 0.94092794
 3.43544766 0.99128696
 3.24088970 1.03264891
 3.07409461 1.03712596
 2.92861529 1.01795273
 2.80440836 0.98350820
 2.65907671 0.91874825
 2.52875711 0.83224959
 2.40668896 0.71573574
 2.29612033 0.56004808
 2.24387182 0.44190536
 2.21160051 0.32748615
 2.16229154 0.16969711
 2.10900844 0.04493674
 2.10025811 0.00000000
