 1.24850487 0.00000000
 1.24620782 0.04343554
 1.24122679 0.10227615
 1.22473323 0.20094187
 1.19863682 0.29679033
 1.16300662 0.38941615
 1.11851663 0.47713099
 1.06595978 0.55897730
 1.00626940 0.63413898
 0.94045143 0.70200014
 0.86954865 0.76212437
 0.79460554 0.81424582
 0.71663926 0.85825467
 0.63661644 0.89417922
 0.55543582 0.92216581
 0.47391652 0.94245776
 0.39279132 0.95537473
 0.31270418 0.96129323
 0.23421126 0.96062906
 0.15778463 0.95382195
 0.08381777 0.94132259
 0.01263238 0.92358206
-0.05551422 0.90104345
-0.12042139 0.87413545
-0.18193761 0.84326781
-0.23995323 0.80882818
-0.29439374 0.77118030
-0.34521358 0.73066309
-0.39239063 0.68759059
-0.43592136 0.64225254
-0.47581662 0.59491524
-0.51209811 0.54582281
-0.54479551 0.49519835
-0.57394425 0.44324492
-0.59958392 0.39014568
-0.62175774 0.33606140
-0.64051160 0.28112724
-0.65591126 0.22539688
-0.66805557 0.16874417
-0.67709139 0.11119860
-0.68196614 0.06150059
-0.68365521 0.00964713
-0.68416050 0.00000000
