 5.56279595 0.00000000
 5.50997700 0.30013320
 5.46180585 0.42350448
 5.39492810 0.54476938
 5.30914194 0.65902395
 5.20509625 0.76287245
 5.09532421 0.84472765
 4.98477003 0.90649844
 4.86071841 0.95618708
 4.73074068 0.98886579
 4.59745305 1.00389596
 4.44978373 0.99989766
 4.30152676 0.97355562
 4.15972522 0.92521217
 4.01635298 0.84998740
 3.91956078 0.78007989
 3.81860008 0.68494026
 3.70859698 0.54170469
 3.65691586 0.44835078
 3.61823645 0.35076700
 3.59071327 0.24969311
 3.56113325 0.12004807
 3.54621859 0.07894629
 3.52597190 0.04041275
 3.51241055 0.00000000
