 1.25966489 0.00000000
 1.25876069 0.07725773
 1.24869990 0.16316190
 1.23222073 0.24197916
 1.20931500 0.31978286
 1.18037740 0.39490896
 1.14570954 0.46699755
 1.10571055 0.53553493
 1.06081738 0.60009739
 1.01150287 0.66032172
 0.95826434 0.71591110
 0.90161293 0.76663500
 0.84206405 0.81232752
 0.78012848 0.85288426
 0.71630470 0.88825818
 0.65107239 0.91845440
 0.58488721 0.94352457
 0.51817680 0.96356090
 0.45133797 0.97869005
 0.38473498 0.98906722
 0.31869871 0.99487047
 0.25352672 0.99629549
 0.18948388 0.99355071
 0.12680360 0.98685308
 0.06568947 0.97642428
 0.00631711 0.96248751
-0.05116369 0.94526472
-0.10662677 0.92497444
-0.15996741 0.90182993
-0.21110002 0.87603781
-0.25995609 0.84779697
-0.30648201 0.81729788
-0.35063720 0.78472211
-0.39239226 0.75024205
-0.43172728 0.71402087
-0.46863032 0.67621264
-0.50309597 0.63696250
-0.53512414 0.59640705
-0.56471887 0.55467474
-0.59188737 0.51188630
-0.61663906 0.46815532
-0.63898487 0.42358877
-0.65893649 0.37828760
-0.67650580 0.33234727
-0.69170424 0.28585866
-0.70454240 0.23890976
-0.71503881 0.19155738
-0.72315805 0.14400155
-0.72884901 0.09656091
-0.73344738 0.04119883
-0.73576862 0.00000000
