 0.80056273 0.00000000
 0.79300919 0.04244092
 0.78518603 0.13325896
 0.77675714 0.19041585
 0.76227990 0.25334530
 0.74363619 0.31489040
 0.72073818 0.37544759
 0.69367602 0.43467440
 0.66249448 0.49232323
 0.62723635 0.54813975
 0.58795027 0.60186199
 0.54469511 0.65321845
 0.49754352 0.70192724
 0.44658502 0.74769586
 0.39192904 0.79022147
 0.33370817 0.82919160
 0.27208148 0.86428531
 0.20723800 0.89517501
 0.13940023 0.92152886
 0.06882771 0.94301391
-0.00417967 0.95930009
-0.07927855 0.97006501
-0.15607944 0.97499962
-0.23414474 0.97381490
-0.31298759 0.96624928
-0.39207187 0.95207694
-0.47081354 0.93111679
-0.54858354 0.90324179
-0.62471262 0.86838857
-0.69849806 0.82656678
-0.76921254 0.77786782
-0.83611511 0.72247247
-0.89846414 0.66065683
-0.95553161 0.59279653
-1.00662067 0.51936342
-1.05107056 0.44094875
-1.08831710 0.35809065
-1.11768601 0.27216489
-1.13893976 0.18024132
-1.14992828 0.09848098
-1.17035121 0.00000000
