 0.78962339 0.00000000
 0.78292662 0.04038397
 0.77531470 0.13241311
 0.76715130 0.18856193
 0.75297884 0.25088042
 0.73469054 0.31186242
 0.71220844 0.37190800
 0.68561824 0.43068022
 0.65496104 0.48793631
 0.62027331 0.54342847
 0.58159604 0.59690084
 0.53897917 0.64808739
 0.49248540 0.69671076
 0.44219335 0.74248183
 0.38820082 0.78509985
 0.33062810 0.82425296
 0.26962149 0.85961917
 0.20535698 0.89086800
 0.13804403 0.91766277
 0.06792938 0.93966359
-0.00469923 0.95653126
-0.07950959 0.96793203
-0.15612194 0.97354336
-0.23410647 0.97306061
-0.31298175 0.96620478
-0.39221422 0.95273114
-0.47121911 0.93243858
-0.54936297 0.90517967
-0.62596823 0.87087084
-0.70031978 0.82950264
-0.77167394 0.78114936
-0.83926968 0.72597755
-0.90234209 0.66425282
-0.96013736 0.59634501
-1.01193159 0.52272478
-1.05703504 0.44399085
-1.09486121 0.36067338
-1.12468572 0.27425349
-1.14628646 0.18128310
-1.15718825 0.10006919
-1.18016848 0.00000000
