 6.20420188 0.00000000
 6.16990265 0.23575380
 6.12330366 0.37510974
 6.06430601 0.49699559
 5.99651998 0.60099034
 5.89809807 0.71439459
 5.72055726 0.85448832
 5.59348369 0.92154930
 5.46247996 0.96809350
 5.33152409 0.99570206
 5.16101135 1.00517276
 5.01733182 0.99029363
 4.88147266 0.95661247
 4.76194647 0.90917200
 4.65830500 0.85206110
 4.56079913 0.78195727
 4.47690066 0.70567059
 4.40428600 0.62423711
 4.31726095 0.49056181
 4.26677447 0.36120763
 4.24082447 0.25352342
 4.21754593 0.16742202
 4.19751218 0.12097940
 4.17265792 0.07787911
 4.14436962 0.02739229
 4.13916275 0.00000000
