 0.78863279 0.00000000
 0.78201106 0.04020315
 0.77441923 0.13233641
 0.76627931 0.18839504
 0.75213435 0.25065785
 0.73387803 0.31158889
 0.71143338 0.37158809
 0.68488568 0.43031907
 0.65427571 0.48753946
 0.61963940 0.54300205
 0.58101704 0.59645153
 0.53845778 0.64762238
 0.49202344 0.69623763
 0.44179168 0.74200850
 0.38785924 0.78463445
 0.33034531 0.82380366
 0.26939504 0.85919408
 0.20518325 0.89047499
 0.13791821 0.91730928
 0.06784549 0.93935646
-0.00474829 0.95627654
-0.07953193 0.96773474
-0.15612657 0.97340732
-0.23410315 0.97298822
-0.31298074 0.96619690
-0.39222606 0.95278687
-0.47125430 0.93255524
-0.54943164 0.90535268
-0.62607977 0.87109379
-0.70048248 0.82976734
-0.77189463 0.78144603
-0.83955334 0.72629509
-0.90269161 0.66457914
-0.96055324 0.59666746
-1.01241188 0.52303057
-1.05757509 0.44426785
-1.09545434 0.36090864
-1.12532051 0.27444419
-1.14695293 0.18137591
-1.15784465 0.10021817
-1.18108248 0.00000000
