 1.78987337 0.00000000
 1.79479312 0.09356074
 1.76082026 0.28443780
 1.71298390 0.40515966
 1.65155182 0.52148864
 1.57610494 0.62762992
 1.49149373 0.71931379
 1.40005771 0.79698172
 1.30467955 0.86059906
 1.20766545 0.91087134
 1.11095974 0.94878891
 1.01607819 0.97554181
 0.92415673 0.99239618
 0.83599789 1.00061415
 0.75212845 1.00139832
 0.67285448 0.99585864
 0.59831144 0.98499562
 0.52850689 0.96969496
 0.46335568 0.95072973
 0.40270810 0.92876711
 0.34637177 0.90437761
 0.29412837 0.87804529
 0.24574614 0.85017807
 0.20098902 0.82111758
 0.15962323 0.79114831
 0.12142175 0.76050576
 0.08616735 0.72938370
 0.05365451 0.69794050
 0.02369049 0.66630463
-0.00390428 0.63457932
-0.02929607 0.60284663
-0.05263815 0.57117084
-0.07407127 0.53960132
-0.09372415 0.50817503
-0.11171418 0.47691854
-0.12814808 0.44584979
-0.14312252 0.41497955
-0.15672481 0.38431266
-0.16903348 0.35384907
-0.18011881 0.32358482
-0.19004331 0.29351289
-0.19886202 0.26362415
-0.20662270 0.23390867
-0.21336551 0.20435837
-0.21912252 0.17497113
-0.22391793 0.14574975
-0.22773025 0.11692560
-0.23043971 0.08956640
-0.23229781 0.06069247
-0.23419121 0.01168291
-0.23448236 0.00000000
