 0.85367642 0.00000000
 0.84229061 0.05367185
 0.83390604 0.13752949
 0.82398308 0.19993862
 0.80796844 0.26581911
 0.78749441 0.33017879
 0.76246096 0.39327254
 0.73297527 0.45474091
 0.69910594 0.51430533
 0.66093226 0.57167730
 0.61854641 0.62656419
 0.57205668 0.67866844
 0.52158994 0.72768786
 0.46729392 0.77331630
 0.40933952 0.81524472
 0.34792308 0.85316263
 0.28326880 0.88675999
 0.21563092 0.91572964
 0.14529598 0.93977021
 0.07258465 0.95858963
-0.00214656 0.97190912
-0.07850416 0.97946787
-0.15605705 0.98102816
-0.23433660 0.97638101
-0.31283753 0.96535220
-0.39101985 0.94780869
-0.46831176 0.92366504
-0.54411391 0.89288991
-0.61780478 0.85551222
-0.68874749 0.81162682
-0.75629778 0.76139934
-0.81981325 0.70506996
-0.87866359 0.64295573
-0.93224147 0.57545155
-0.97997474 0.50302677
-1.02133264 0.42623485
-1.05585593 0.34562414
-1.08306949 0.26218252
-1.10268591 0.17476557
-1.11366634 0.09182015
-1.12616283 0.00000000
