 4.78965975 0.00000000
 4.77890162 0.13145255
 4.74418582 0.28193310
 4.67880582 0.44696083
 4.59503132 0.58682479
 4.45410211 0.74444227
 4.36501348 0.81655641
 4.25502397 0.88508343
 4.12320017 0.94390864
 3.95284631 0.98946784
 3.80726531 1.00405388
 3.67573887 0.99881722
 3.55930590 0.97956554
 3.41838241 0.93636181
 3.27936464 0.86937998
 3.17249807 0.79778957
 3.09022086 0.72693712
 3.00994247 0.63984907
 2.93983947 0.54262115
 2.88184598 0.43665477
 2.84135587 0.33535986
 2.81095410 0.22751241
 2.78708367 0.10878602
 2.77566817 0.00000000
