 2.06340964 0.00000000
 2.03638276 0.22635121
 1.99338417 0.36534572
 1.93571380 0.48779090
 1.86818856 0.59280345
 1.75035116 0.72660983
 1.61823245 0.83226503
 1.48347693 0.90816106
 1.34877575 0.95933950
 1.21829452 0.98906502
 1.04054794 1.00118058
 0.88426032 0.98545968
 0.75362994 0.95258712
 0.64106728 0.90834371
 0.54499645 0.85716545
 0.43122338 0.77697063
 0.34350797 0.69631941
 0.24799740 0.58136325
 0.16368300 0.43937729
 0.11779154 0.32888530
 0.07833746 0.17754126
 0.06282872 0.00000000
