 7.07766170 0.00000000
 7.06606445 0.12850195
 7.03964782 0.25044861
 6.99056709 0.38963714
 6.91123517 0.53962057
 6.83310199 0.64693435
 6.74367214 0.74050600
 6.64601208 0.81943551
 6.54947698 0.88044283
 6.43322274 0.93548791
 6.29694088 0.97853591
 6.14327579 1.00303891
 5.96884680 1.00182707
 5.78760427 0.96763231
 5.64441852 0.91475964
 5.53016364 0.85282515
 5.43886149 0.78825960
 5.30851109 0.66480367
 5.19167204 0.49459822
 5.13725180 0.35302693
 5.11769472 0.25950966
 5.10772459 0.19717366
 5.09112593 0.14259260
 5.06503743 0.09936805
 5.01892856 0.05566132
 4.98812544 0.01743821
 4.98449084 0.00000000
