 0.92187108 0.00000000
 0.91147774 0.06807748
 0.90312600 0.14467820
 0.89070703 0.21442740
 0.87242773 0.28448340
 0.84913158 0.35294666
 0.82080490 0.41969065
 0.78757862 0.48433767
 0.74957889 0.54654842
 0.70695557 0.60598280
 0.65988045 0.66230548
 0.60854840 0.71518668
 0.55317821 0.76430354
 0.49401330 0.80934175
 0.43132243 0.84999742
 0.36540016 0.88597920
 0.29656729 0.91701059
 0.22517100 0.94283251
 0.15158472 0.96320618
 0.07620776 0.97791606
-0.00053553 0.98677309
-0.07819693 0.98961794
-0.15630603 0.98632444
-0.23437240 0.97680297
-0.31188835 0.96100373
-0.38833212 0.93891997
-0.46317180 0.91059085
-0.53586969 0.87610404
-0.60588719 0.83559779
-0.67269028 0.78926249
-0.73575524 0.73734156
-0.79457483 0.68013155
-0.84866460 0.61798142
-0.89756926 0.55129104
-0.94086916 0.48050800
-0.97818532 0.40612810
-1.00918824 0.32866699
-1.03358866 0.24878346
-1.05112388 0.16657348
-1.06149450 0.08469019
-1.06842207 0.00000000
