 6.77596577 0.00000000
 6.77048644 0.08751972
 6.74391778 0.22778978
 6.67736934 0.41413679
 6.60265433 0.55073818
 6.51060524 0.67065946
 6.40793462 0.77015243
 6.25453137 0.87658832
 6.12584409 0.93746264
 5.96564617 0.98513785
 5.78045436 1.00575924
 5.61838249 0.99575834
 5.47738306 0.96497138
 5.35681880 0.92065292
 5.22346937 0.84945185
 5.12814481 0.78046763
 5.02856521 0.68810174
 4.94673646 0.58843401
 4.88465174 0.48381573
 4.83982036 0.36514325
 4.81591916 0.26096115
 4.80320204 0.19758766
 4.78855550 0.15119152
 4.77503390 0.12360080
 4.75144623 0.09042541
 4.71803259 0.05244179
 4.69354740 0.00000000
