 3.54561394 0.00000000
 3.53194922 0.15398833
 3.47586069 0.35752748
 3.42872934 0.46311952
 3.34021650 0.60383406
 3.23688852 0.72084247
 3.08394745 0.84237016
 2.91251636 0.93121473
 2.73167414 0.98465673
 2.58378941 1.00217929
 2.45089743 0.99907954
 2.33400022 0.98160814
 2.19455265 0.94143226
 2.04187526 0.86982776
 1.93093857 0.79551717
 1.84929479 0.72505020
 1.76766341 0.63629079
 1.69297677 0.53148780
 1.61903647 0.38730442
 1.57626103 0.25961720
 1.55083098 0.13011559
 1.53943803 0.00000000
