 2.02063785 0.00000000
 2.03203218 0.07501957
 1.97317892 0.36823523
 1.89791090 0.50331351
 1.80954424 0.63165522
 1.70079670 0.74574224
 1.58550957 0.83511520
 1.46650059 0.90364876
 1.34821328 0.95291110
 1.23341435 0.98547025
 1.12401619 1.00390404
 1.02114892 1.01067062
 0.92537393 1.00797704
 0.83684711 0.99773623
 0.75545148 0.98156421
 0.68089632 0.96080158
 0.61278886 0.93654537
 0.55068421 0.90968378
 0.49411917 0.88092969
 0.44263438 0.85085088
 0.39578806 0.81989628
 0.35316409 0.78841816
 0.31437620 0.75669063
 0.27906957 0.72492488
 0.24692071 0.69328160
 0.21763640 0.66188106
 0.19095194 0.63081129
 0.16662916 0.60013465
 0.14445421 0.56989315
 0.12423548 0.54011267
 0.10580150 0.51080640
 0.08899899 0.48197756
 0.07369107 0.45362159
 0.05975560 0.42572791
 0.04708372 0.39828131
 0.03557852 0.37126308
 0.02515386 0.34465193
 0.01573330 0.31842476
 0.00724926 0.29255729
-0.00035776 0.26702475
-0.00713982 0.24180258
-0.01314197 0.21686746
-0.01840258 0.19219902
-0.02295318 0.16778371
-0.02681857 0.14361924
-0.03001561 0.11972831
-0.03251304 0.09650909
-0.03423135 0.07515449
-0.03543916 0.05197842
-0.03665968 0.00598876
-0.03674577 0.00000000
