 2.02748211 0.00000000
 2.03904822 0.07384215
 1.97926419 0.37114320
 1.90300715 0.50647530
 1.81378010 0.63504497
 1.70392582 0.74925629
 1.58769864 0.83840004
 1.46789759 0.90650642
 1.34900526 0.95520992
 1.23378558 0.98714557
 1.12413385 1.00494183
 1.02115548 1.01109235
 0.92538519 1.00782678
 0.83695351 0.99707080
 0.75572108 0.98044606
 0.68137829 0.95929407
 0.61351694 0.93470969
 0.55167987 0.90757720
 0.49539432 0.87860464
 0.44419360 0.84835461
 0.39763040 0.81727086
 0.35528455 0.78570073
 0.31676685 0.75391376
 0.28172042 0.72211696
 0.24982042 0.69046728
 0.22077279 0.65908166
 0.19431236 0.62804520
 0.17020080 0.59741770
 0.14822431 0.56723892
 0.12819149 0.53753280
 0.10993116 0.50831084
 0.09329041 0.47957480
 0.07813279 0.45131887
 0.06433659 0.42353139
 0.05179341 0.39619622
 0.04040677 0.36929386
 0.03009096 0.34280235
 0.02076997 0.31669801
 0.01237660 0.29095609
 0.00485173 0.26555141
-0.00185636 0.24045913
-0.00779243 0.21565567
-0.01299454 0.19112055
-0.01749400 0.16684016
-0.02131542 0.14281232
-0.02447550 0.11906037
-0.02694296 0.09598643
-0.02863957 0.07478405
-0.02983377 0.05175625
-0.03103978 0.00586914
-0.03112259 0.00000000
