 3.84073174 0.00000000
 3.82884340 0.14181193
 3.79144521 0.29870306
 3.72140596 0.46703253
 3.64253562 0.59392222
 3.55163179 0.70111277
 3.45199729 0.79036244
 3.34733506 0.86211296
 3.21019231 0.93021116
 3.07027656 0.97531875
 2.93120201 0.99878340
 2.73443972 0.99839920
 2.58889327 0.97269160
 2.46834287 0.93386405
 2.36958789 0.88852024
 2.25974665 0.82118379
 2.14838432 0.72977854
 2.04543015 0.61549254
 1.97497121 0.51110092
 1.91453033 0.38779174
 1.86754869 0.24547063
 1.83211952 0.00000000
