 1.51927010 0.00000000
 1.51984974 0.08942146
 1.50187016 0.21319890
 1.47412831 0.31186480
 1.43639004 0.40859231
 1.38943569 0.49964034
 1.33450166 0.58383904
 1.27270983 0.66057062
 1.20533406 0.72928867
 1.13360171 0.78973297
 1.05870194 0.84183664
 0.98173576 0.88571395
 0.90369885 0.92162231
 0.82546735 0.94992980
 0.74779383 0.97108350
 0.67130911 0.98558164
 0.59652882 0.99394990
 0.52386297 0.99672225
 0.45362724 0.99442591
 0.38605487 0.98757025
 0.32130852 0.97663894
 0.25949147 0.96208480
 0.20065802 0.94432692
 0.14482263 0.92374938
 0.09196813 0.90070126
 0.04205265 0.87549762
-0.00498441 0.84842105
-0.04921735 0.81972359
-0.09073010 0.78962897
-0.12961277 0.75833487
-0.16595890 0.72601523
-0.19986329 0.69282249
-0.23142019 0.65888975
-0.26072198 0.62433274
-0.28785808 0.58925173
-0.31291416 0.55373323
-0.33597154 0.51785159
-0.35710675 0.48167038
-0.37639124 0.44524375
-0.39389120 0.40861757
-0.40966737 0.37183049
-0.42377501 0.33491493
-0.43626383 0.29789796
-0.44717773 0.26080240
-0.45655410 0.22364920
-0.46442515 0.18645084
-0.47080268 0.14925439
-0.47556970 0.11271676
-0.47886831 0.07549792
-0.48200935 0.02348132
-0.48295765 0.00000000
