 1.34973902 0.00000000
 1.34339290 0.11102038
 1.32482800 0.22053227
 1.28228386 0.36043254
 1.22062375 0.49119438
 1.14196440 0.61010052
 1.05032403 0.71358422
 0.94767902 0.80168001
 0.83675330 0.87361257
 0.66372203 0.94976402
 0.48908851 0.99065557
 0.31960247 1.00002208
 0.16003012 0.98236267
 0.01342423 0.94230774
-0.11851645 0.88417930
-0.23507363 0.81177962
-0.33618107 0.72831495
-0.42216624 0.63641127
-0.49355845 0.53817629
-0.55095196 0.43528324
-0.59491948 0.32905415
-0.62597274 0.22050278
-0.64437382 0.11082156
-0.65036069 0.00000000
