 0.82949804 0.00000000
 0.81963680 0.04835812
 0.81139846 0.13552270
 0.80220322 0.19546383
 0.78690433 0.25999203
 0.76729145 0.32304405
 0.74326178 0.38496340
 0.71491553 0.44539664
 0.68230894 0.50408100
 0.64550322 0.56074411
 0.60456921 0.61510756
 0.55959124 0.66688560
 0.51067008 0.71578496
 0.45792561 0.76150510
 0.40149954 0.80373895
 0.34155815 0.84217404
 0.27829513 0.87649410
 0.21193447 0.90638119
 0.14273327 0.93151850
 0.07098442 0.95159372
-0.00298098 0.96630311
-0.07879152 0.97535627
-0.15603397 0.97848167
-0.23425247 0.97543276
-0.31294852 0.96599477
-0.39158213 0.94999203
-0.46957410 0.92729556
-0.54630976 0.89783095
-0.62114427 0.86158602
-0.69340942 0.81861811
-0.76242222 0.76906068
-0.82749493 0.71312865
-0.88794661 0.65112225
-0.94311556 0.58342933
-0.99237386 0.51052199
-1.03513327 0.43297143
-1.07088733 0.35132619
-1.09907773 0.26673083
-1.11943354 0.17734747
-1.13048696 0.09468328
-1.14593954 0.00000000
