 0.76449105 0.00000000
 0.75950804 0.03608239
 0.75242981 0.13045165
 0.74483731 0.18436292
 0.73135736 0.24524602
 0.71387249 0.30493154
 0.69233281 0.36379385
 0.66681269 0.42151178
 0.63734557 0.47785196
 0.60395451 0.53258116
 0.56666402 0.58545748
 0.52550468 0.63622766
 0.48051738 0.68462522
 0.43175675 0.73036962
 0.37929463 0.77316589
 0.32322367 0.81270472
 0.26366124 0.84866308
 0.20075348 0.88070540
 0.13467960 0.90848543
 0.06565639 0.93164892
-0.00605735 0.94983721
-0.08015641 0.96269183
-0.15628504 0.96986022
-0.23403345 0.97100262
-0.31293494 0.96580020
-0.39246426 0.95396436
-0.47203734 0.93524715
-0.55101287 0.90945256
-0.62869596 0.87644847
-0.70434436 0.83617881
-0.77717734 0.78867536
-0.84638745 0.73406866
-0.91115508 0.67259705
-0.97066505 0.60461411
-1.02412856 0.53058514
-1.07078503 0.45112629
-1.10999567 0.36673703
-1.14090322 0.27919811
-1.16332199 0.18354103
-1.17381516 0.10417197
-1.20528445 0.00000000
