 7.16396311 0.00000000
 7.14985685 0.14262824
 7.11935237 0.27330557
 7.06227195 0.42198510
 6.97095544 0.57936245
 6.88146630 0.68965680
 6.78036581 0.78310070
 6.67230230 0.85905721
 6.56715956 0.91515433
 6.44272957 0.96238747
 6.30020149 0.99481508
 6.14345665 1.00631861
 5.97048252 0.99023684
 5.79605085 0.94206110
 5.66203719 0.88005033
 5.55729329 0.81283398
 5.47473612 0.74577701
 5.39523808 0.66559848
 5.32851402 0.58033406
 5.27197405 0.48373152
 5.22958160 0.37635383
 5.20202854 0.24700292
 5.19070444 0.17883414
 5.18077269 0.14746119
 5.16787797 0.12095412
 5.15314613 0.09985158
 5.13139464 0.07776600
 5.10923672 0.05995671
 5.06736140 0.00000000
