 6.38257361 0.00000000
 6.33390847 0.28350583
 6.27157172 0.44111737
 6.19156286 0.57690867
 6.10139287 0.68811314
 6.01884532 0.76666192
 5.90566369 0.84989606
 5.75869237 0.92689478
 5.61244082 0.97567795
 5.46912239 1.00057078
 5.33250658 1.00518338
 5.16391607 0.98449270
 5.02931579 0.94653931
 4.90805679 0.89377922
 4.80616121 0.83282939
 4.72083647 0.76761089
 4.64232428 0.69365091
 4.54100438 0.56985688
 4.46827343 0.43093161
 4.43709909 0.33029727
 4.40906044 0.20769545
 4.40085597 0.17998235
 4.38542036 0.14142651
 4.35776472 0.09361123
 4.31227542 0.00000000
