 2.00363151 0.00000000
 2.01457221 0.07773223
 1.95798801 0.36112646
 1.88513197 0.49551356
 1.79889556 0.62324949
 1.69287142 0.73699566
 1.57992007 0.82689577
 1.46289334 0.89645283
 1.34613455 0.94707452
 1.23241237 0.98116434
 1.12367723 1.00117412
 1.02111746 1.00947235
 0.92535881 1.00820793
 0.83661908 0.99926016
 0.75483664 0.98422922
 0.67976780 0.96445206
 0.61105846 0.94102992
 0.54829474 0.91485991
 0.49103780 0.88666635
 0.43884702 0.85702951
 0.39129483 0.82641093
 0.34797568 0.79517501
 0.30851097 0.76360720
 0.27255130 0.73192907
 0.23977685 0.70031066
 0.20989674 0.66888056
 0.18264760 0.63773419
 0.15779181 0.60694039
 0.13511555 0.57654684
 0.11442682 0.54658434
 0.09555348 0.51707039
 0.07834136 0.48801190
 0.06265261 0.45940752
 0.04836404 0.43124945
 0.03536571 0.40352483
 0.02355961 0.37621700
 0.01285855 0.34930641
 0.00318509 0.32277142
-0.00552935 0.29658900
-0.01334516 0.27073540
-0.02031527 0.24518687
-0.02648550 0.21992071
-0.03189491 0.19491693
-0.03657564 0.17016205
-0.04055295 0.14565358
-0.04384413 0.12141257
-0.04641802 0.09782714
-0.04819190 0.07608785
-0.04943470 0.05253793
-0.05069253 0.00629701
-0.05078732 0.00000000
