 6.87288228 0.00000000
 6.86582895 0.09929525
 6.83429785 0.25231444
 6.75618817 0.45199932
 6.66834033 0.59599587
 6.56127809 0.71904619
 6.44463202 0.81709834
 6.27455158 0.91572904
 6.13592015 0.96689947
 5.96812443 1.00016879
 5.78060794 1.00296688
 5.62187586 0.97785419
 5.48778122 0.93507377
 5.37580640 0.88224394
 5.25496049 0.80411931
 5.17006446 0.73246675
 5.09424258 0.65363071
 5.00360315 0.52578388
 4.94366113 0.39003092
 4.91933648 0.29398943
 4.90472334 0.21348862
 4.88986130 0.15889244
 4.87802064 0.13155089
 4.86427729 0.10912913
 4.83128841 0.07126372
 4.78984060 0.01572949
 4.78721433 0.00000000
