 0.71214672 0.00000000
 0.70930748 0.02880211
 0.70326945 0.12625841
 0.69673332 0.17577983
 0.68464852 0.23351974
 0.66878834 0.29046020
 0.64916671 0.34679567
 0.62583097 0.40224770
 0.59880003 0.45659702
 0.56807264 0.50963873
 0.53364333 0.56115945
 0.49550697 0.61093340
 0.45366347 0.65871890
 0.40812149 0.70425643
 0.35890231 0.74726733
 0.30604372 0.78745287
 0.24960445 0.82449387
 0.18966887 0.85805085
 0.12635220 0.88776480
 0.05980610 0.91325887
-0.00977535 0.93414095
-0.08214948 0.95000754
-0.15701882 0.96044885
-0.23402500 0.96505563
-0.31274321 0.96342755
-0.39267758 0.95518351
-0.47325781 0.93997373
-0.55383789 0.91749364
-0.63369719 0.88749929
-0.71204476 0.84982389
-0.78802732 0.80439485
-0.86074131 0.75125048
-0.92924970 0.69055489
-0.99260162 0.62261263
-1.04986426 0.54786105
-1.10011229 0.46696356
-1.14261703 0.38023459
-1.17611851 0.29063197
-1.20055907 0.18694136
-1.20781353 0.11596188
-1.30056895 0.00000000
