 0.73661819 0.00000000
 0.73299753 0.03196691
 0.72649834 0.12822993
 0.71948793 0.17976529
 0.70676175 0.23899656
 0.69015166 0.29722752
 0.66964236 0.35475423
 0.64529426 0.41127710
 0.61713291 0.46657103
 0.58516791 0.52041824
 0.54940709 0.57259213
 0.50986125 0.62285400
 0.46654867 0.67095025
 0.41949878 0.71661104
 0.36875583 0.75954939
 0.31438275 0.79946077
 0.25646532 0.83602317
 0.19511660 0.86889778
 0.13048183 0.89773031
 0.06274347 0.92215316
-0.00787347 0.94178855
-0.08109607 0.95625280
-0.15659827 0.96516182
-0.23399597 0.96813802
-0.31284282 0.96481871
-0.39262704 0.95486603
-0.47276960 0.93797830
-0.55262442 0.91390280
-0.63148079 0.88244955
-0.70856878 0.84350576
-0.78306772 0.79705037
-0.85411831 0.74316783
-0.92083832 0.68206008
-0.98234083 0.61405738
-1.03776053 0.53961360
-1.08625070 0.45936661
-1.12711567 0.37374818
-1.15931155 0.28502623
-1.18268317 0.18567604
-1.19210741 0.10975631
-1.24230168 0.00000000
