 3.68781427 0.00000000
 3.66932868 0.17927813
 3.59733193 0.40745816
 3.53679128 0.52356297
 3.42480408 0.67340503
 3.29830051 0.79103688
 3.18057030 0.87014944
 3.05564136 0.93085766
 2.92639640 0.97298507
 2.73406162 1.00195519
 2.58412547 0.99842675
 2.45464742 0.97702950
 2.34467103 0.94459425
 2.21808854 0.88892390
 2.08485755 0.80481765
 1.95702855 0.69070201
 1.85882248 0.56837944
 1.79988619 0.47036120
 1.74279922 0.33988560
 1.71047682 0.22731132
 1.69020180 0.11036696
 1.68121488 0.00000000
