 0.70811790 0.00000000
 0.70537907 0.02831149
 0.69941348 0.12593437
 0.69295238 0.17512951
 0.68097065 0.23262156
 0.66523163 0.28934886
 0.64575384 0.34548702
 0.62258246 0.40076115
 0.59573531 0.45495284
 0.56520946 0.50785925
 0.53099734 0.55926913
 0.49309138 0.60895884
 0.45148858 0.65668869
 0.40619436 0.70220095
 0.35722633 0.74521842
 0.30461828 0.78544349
 0.24842457 0.82255761
 0.18872492 0.85622139
 0.12562962 0.88607531
 0.05928525 0.91174122
-0.01011929 0.93282494
-0.08234648 0.94891995
-0.15710374 0.95961250
-0.23403725 0.96448833
-0.31272611 0.96314109
-0.39267746 0.95518266
-0.47332294 0.94025536
-0.55401705 0.91804597
-0.63403804 0.88830148
-0.71259203 0.85084588
-0.78882084 0.80559768
-0.86181410 0.75258710
-0.93062621 0.69197146
-0.99429630 0.62405059
-1.05188138 0.54925840
-1.10244415 0.46826360
-1.14525627 0.38135287
-1.17901465 0.29163625
-1.20372341 0.18707238
-1.21037835 0.11711830
-1.31629162 0.00000000
