 7.23952341 0.00000000
 7.22287333 0.15593101
 7.18827752 0.29457682
 7.12313431 0.45185289
 7.02001494 0.61530198
 6.91959218 0.72733720
 6.80790492 0.81939668
 6.69077042 0.89142845
 6.57842030 0.94196044
 6.44777946 0.98115329
 6.30123270 1.00339190
 6.14362638 1.00311701
 5.97395189 0.97449924
 5.80715355 0.91536232
 5.68195286 0.84683130
 5.54719048 0.74309052
 5.44092624 0.63045426
 5.37580835 0.53703663
 5.32188776 0.42694633
 5.28877956 0.31112923
 5.26928235 0.19105983
 5.25928905 0.15279270
 5.24254185 0.11733933
 5.22852826 0.09805846
 5.20302595 0.07375561
 5.17357853 0.05157494
 5.14728503 0.02400866
 5.14064724 0.00808525
 5.13971102 0.00000000
