 0.81221600 0.00000000
 0.80371790 0.04474755
 0.79569846 0.13416198
 0.78697305 0.19241865
 0.77216817 0.25599318
 0.75314017 0.31814057
 0.72979307 0.37924341
 0.70222135 0.43895417
 0.67047407 0.49701961
 0.63460106 0.55317828
 0.59465956 0.60716163
 0.55071833 0.65869241
 0.50286102 0.70748403
 0.45118905 0.75324060
 0.39582457 0.79565735
 0.33691350 0.83442152
 0.27462867 0.86921371
 0.20917308 0.89970985
 0.14078314 0.92558373
 0.06973186 0.94651032
-0.00366815 0.96216973
-0.07906199 0.97225208
-0.15605029 0.97646311
-0.23418770 0.97453064
-0.31298220 0.96621180
-0.39189561 0.95130092
-0.47034533 0.92963798
-0.54770761 0.90111734
-0.62332261 0.86569659
-0.69650116 0.82340501
-0.76653360 0.77435148
-0.83270033 0.71873111
-0.89428430 0.65683028
-0.95058444 0.58903007
-1.00093208 0.51580291
-1.04469628 0.43773208
-1.08133632 0.35536153
-1.11022721 0.26996678
-1.13111644 0.17909974
-1.14215569 0.09689014
-1.16032265 0.00000000
