 1.07090327 0.00000000
 1.07063327 0.04156194
 1.06866311 0.08380365
 1.05831938 0.16812308
 1.04065569 0.25043552
 1.01611456 0.33097609
 0.98495091 0.40898368
 0.94743228 0.48392649
 0.90389167 0.55525999
 0.85470514 0.62249051
 0.80029191 0.68516624
 0.74110667 0.74288387
 0.67763388 0.79529041
 0.61038125 0.84208508
 0.53987359 0.88302006
 0.46664667 0.91790054
 0.39124143 0.94658390
 0.31419855 0.96897829
 0.23605355 0.98504067
 0.15733228 0.99477431
 0.07854704 0.99822598
 0.00019322 0.99548282
-0.07725349 0.98666911
-0.15333938 0.97194285
-0.22763448 0.95149246
-0.29973383 0.92553343
-0.36925840 0.89430510
-0.43585552 0.85806768
-0.49919910 0.81709937
-0.55898948 0.77169372
-0.61495315 0.72215728
-0.66684222 0.66880744
-0.71443380 0.61197049
-0.75752932 0.55198001
-0.79595369 0.48917539
-0.82955453 0.42390085
-0.85820340 0.35650172
-0.88177910 0.28734531
-0.90025714 0.21667745
-0.91330216 0.14543313
-0.92150396 0.07135234
-0.92747914 0.00000000
