 4.33239901 0.00000000
 4.29952653 0.23866288
 4.24641532 0.39532282
 4.17990160 0.52424607
 4.10903495 0.62567518
 3.99627201 0.74581798
 3.88268288 0.83418959
 3.71413818 0.92514185
 3.55158903 0.97791253
 3.40109468 1.00101659
 3.23000949 0.99947028
 3.07991565 0.97336461
 2.95049925 0.93108042
 2.79432924 0.85131161
 2.69515824 0.78011120
 2.59328344 0.68442342
 2.51630316 0.58998663
 2.45017607 0.48432996
 2.39726528 0.36867455
 2.35868793 0.24499763
 2.33624194 0.14264930
 2.32119925 0.00000000
