 6.98871374 0.00000000
 6.97931595 0.11507762
 6.94080101 0.28398361
 6.84601936 0.50033109
 6.73981124 0.65220178
 6.61305529 0.77655021
 6.47911779 0.86991483
 6.29016586 0.95508209
 6.14182844 0.99205469
 5.96857368 1.00621574
 5.78278704 0.98766283
 5.63159703 0.94592807
 5.50806531 0.89119045
 5.40757726 0.83067403
 5.30173870 0.74735880
 5.20702835 0.65020035
 5.14143073 0.56188015
 5.07052525 0.42108864
 5.03121780 0.27368947
 5.01613067 0.18896585
 4.99938235 0.13904329
 4.97531482 0.10009674
 4.95284851 0.07637399
 4.92341273 0.04828582
 4.90264191 0.01796767
 4.89898750 0.00246745
 4.89891951 0.00000000
