 1.99686900 0.00000000
 2.00762081 0.07873062
 1.95192079 0.35834537
 1.88000584 0.49243487
 1.79461292 0.61991471
 1.68966091 0.73351289
 1.57763786 0.82360586
 1.46140450 0.89355471
 1.34526315 0.94470503
 1.23198130 0.97939575
 1.12352279 1.00002856
 1.02109783 1.00893579
 0.92535693 1.00824247
 0.83654208 0.99981374
 0.75461347 0.98524279
 0.67934616 0.96586453
 0.61040156 0.94278139
 0.54737830 0.91689370
 0.48984744 0.88893007
 0.43737603 0.85947559
 0.38954237 0.82899670
 0.34594528 0.79786257
 0.30620937 0.76636314
 0.26998752 0.73472411
 0.23696150 0.70311923
 0.20684145 0.67168046
 0.17936461 0.64050618
 0.15429365 0.60966784
 0.13141482 0.57921540
 0.11053598 0.54918170
 0.09148478 0.51958594
 0.07410673 0.49043657
 0.05826360 0.46173354
 0.04383181 0.43347017
 0.03070098 0.40563459
 0.01877271 0.37821097
 0.00795938 0.35118047
-0.00181687 0.32452206
-0.01062496 0.29821324
-0.01852569 0.27223066
-0.02557229 0.24655093
-0.03181091 0.22115160
-0.03728088 0.19601285
-0.04201458 0.17112124
-0.04603748 0.14647420
-0.04936701 0.12209211
-0.05197211 0.09835898
-0.05376876 0.07646415
-0.05502595 0.05276346
-0.05629913 0.00642402
-0.05639759 0.00000000
