 0.72296126 0.00000000
 0.71981628 0.03015829
 0.71357941 0.12712984
 0.70683765 0.17753406
 0.69447241 0.23593653
 0.67828349 0.29344836
 0.65827218 0.35031195
 0.63449165 0.40623936
 0.60696374 0.46100887
 0.57569187 0.51440999
 0.54067628 0.56622352
 0.50191872 0.61621796
 0.45942702 0.66414632
 0.41321887 0.70974442
 0.36332550 0.75272977
 0.30979571 0.79280090
 0.25270003 0.82963716
 0.19213548 0.86289908
 0.12823051 0.89222948
 0.06115045 0.91725527
-0.00889683 0.93759036
-0.08165509 0.95283969
-0.15681396 0.96260455
-0.23400331 0.96648943
-0.31278840 0.96411048
-0.39266579 0.95510562
-0.47306078 0.93914637
-0.55332673 0.91595123
-0.63274684 0.88530041
-0.71053889 0.84705143
-0.78586356 0.80115503
-0.85783645 0.74767057
-0.92554443 0.68677958
-0.98806462 0.61879860
-1.04449343 0.54417317
-1.09393987 0.46355421
-1.13568517 0.37731750
-1.16857294 0.28807307
-1.19247207 0.18647486
-1.20091419 0.11304210
-1.26924349 0.00000000
