 0.75298060 0.00000000
 0.74862968 0.03430578
 0.74179684 0.12953968
 0.73445056 0.18245778
 0.72128412 0.24266614
 0.70416259 0.30175340
 0.68305030 0.36006735
 0.65801598 0.41729529
 0.62908977 0.47320750
 0.59628902 0.52757723
 0.55963113 0.58016891
 0.51913834 0.63073527
 0.47484199 0.67901504
 0.42678611 0.72473194
 0.37503100 0.76759412
 0.31965692 0.80729400
 0.26076810 0.84350868
 0.19849703 0.87590095
 0.13300893 0.90412091
 0.06450655 0.92780845
-0.00676505 0.94659669
-0.08051369 0.96011647
-0.15639552 0.96800193
-0.23401087 0.96989756
-0.31290093 0.96546634
-0.39254545 0.95439939
-0.47236188 0.93642678
-0.55170636 0.91132944
-0.62987702 0.87895188
-0.70611980 0.83921525
-0.77963730 0.79213028
-0.84960065 0.73780928
-0.91516460 0.67647640
-0.97548475 0.60847632
-1.02974122 0.53427040
-1.07713880 0.45448328
-1.11701466 0.36959213
-1.14844036 0.28155297
-1.17124452 0.18448567
-1.18140386 0.10632127
-1.21881670 0.00000000
