 4.23556682 0.00000000
 4.20845462 0.21610954
 4.16353403 0.36162268
 4.10746026 0.48246802
 4.04706127 0.57942285
 3.94949783 0.69761743
 3.84918319 0.78828397
 3.69627177 0.88774800
 3.54436267 0.95265713
 3.39951116 0.98906810
 3.22973178 1.00389804
 3.07604597 0.99211980
 2.93986950 0.96119814
 2.77065541 0.89276234
 2.66033854 0.82639002
 2.54459430 0.73261019
 2.44805341 0.62721262
 2.38569160 0.53916251
 2.31412119 0.40196181
 2.26844636 0.26909655
 2.24285928 0.16031296
 2.22495369 0.00000000
