 0.83839735 0.00000000
 0.82790192 0.05028767
 0.81958847 0.13624297
 0.81013551 0.19707753
 0.79457712 0.26209938
 0.77465397 0.32562574
 0.75026253 0.38797188
 0.72150569 0.44878186
 0.68844389 0.50778746
 0.65114465 0.56471050
 0.60968633 0.61926741
 0.56416175 0.67116807
 0.51468097 0.72011587
 0.46137381 0.76580809
 0.40439244 0.80793676
 0.34391397 0.84618989
 0.28014311 0.88025324
 0.21331486 0.90981253
 0.14369704 0.93455629
 0.07159276 0.95417930
-0.00265745 0.96838667
-0.07867395 0.97689854
-0.15603672 0.97945552
-0.23428493 0.97582462
-0.31291729 0.96580582
-0.39139344 0.94923899
-0.46913655 0.92601118
-0.54553721 0.89606385
-0.61995882 0.85940009
-0.69174443 0.81609128
-0.76022507 0.76628297
-0.82472956 0.71019971
-0.88459555 0.64814825
-0.93918138 0.58051936
-0.98787982 0.50778442
-1.03012402 0.43050826
-1.06542498 0.34924013
-1.09325624 0.26506384
-1.11333945 0.17641590
-1.12437714 0.09360348
-1.13864859 0.00000000
