 6.41774093 0.00000000
 6.36568977 0.29372256
 6.29964787 0.45506289
 6.21475324 0.59344947
 6.11962746 0.70558531
 6.03306397 0.78384054
 5.91525216 0.86548792
 5.76361274 0.93904001
 5.61423694 0.98338507
 5.46937665 1.00350679
 5.33260545 1.00334800
 5.16561859 0.97696654
 5.03364236 0.93501284
 4.91588123 0.87920477
 4.81772789 0.81638853
 4.73590073 0.75029076
 4.64102915 0.65433628
 4.54868551 0.52567483
 4.49161538 0.39815611
 4.46869159 0.31414142
 4.44191322 0.19868955
 4.43247390 0.16903063
 4.41363510 0.12716424
 4.38138127 0.07716136
 4.34631689 0.00000000
