 4.89179950 0.00000000
 4.87826483 0.14770880
 4.83680060 0.31161806
 4.75893655 0.48882223
 4.69546530 0.58904307
 4.60878330 0.69325416
 4.49639335 0.79462716
 4.39581494 0.86329667
 4.27414824 0.92480246
 4.13226538 0.97277587
 3.95449093 1.00193450
 3.80741051 1.00162994
 3.67823047 0.98333371
 3.56670890 0.95325266
 3.43519627 0.89862466
 3.30891849 0.82318940
 3.17758154 0.71278336
 3.07410570 0.59067457
 3.01504678 0.49782936
 2.94947050 0.35309030
 2.90764724 0.20430483
 2.87720639 0.00000000
