 0.85784458 0.00000000
 0.84627231 0.05460369
 0.83787963 0.13789441
 0.82782218 0.20074146
 0.81168033 0.26685963
 0.79105150 0.33145150
 0.76583767 0.39475312
 0.73614713 0.45640416
 0.70205099 0.51612303
 0.66363196 0.57361833
 0.62098619 0.62859490
 0.57422642 0.68075317
 0.52348433 0.72978947
 0.46891272 0.77539679
 0.41068779 0.81726592
 0.34901129 0.85508690
 0.28411286 0.88855103
 0.21625212 0.91735330
 0.14572072 0.94119531
 0.07284419 0.95978879
-0.00201666 0.97285960
-0.07846463 0.98015235
-0.15606573 0.98143543
-0.23434934 0.97650656
-0.31280931 0.96519872
-0.39090594 0.94738632
-0.46806907 0.92299148
-0.54370228 0.89199025
-0.61718841 0.85441851
-0.68789623 0.81037743
-0.75518836 0.76003793
-0.81843035 0.70364430
-0.87700070 0.64151618
-0.93030139 0.57404942
-0.97776982 0.50171263
-1.01888493 0.42505609
-1.05319556 0.34462744
-1.08023996 0.26139003
-1.09972906 0.17430350
-1.11068789 0.09134702
-1.12274595 0.00000000
