 6.39880298 0.00000000
 6.34860044 0.28818673
 6.28458113 0.44751483
 6.20234928 0.58451384
 6.10991342 0.69617247
 6.02552195 0.77461204
 5.91020331 0.85715004
 5.76106157 0.93260147
 5.61333473 0.97936692
 5.46926518 1.00207379
 5.33253643 1.00448789
 5.16463884 0.98115185
 5.03121920 0.94132647
 4.91155522 0.88712733
 4.81137801 0.82528463
 4.72769657 0.75963315
 4.61585861 0.64675612
 4.52614071 0.51916416
 4.48235214 0.42531554
 4.45228595 0.32661173
 4.42425272 0.20359948
 4.41551766 0.17502216
 4.39864186 0.13499097
 4.36875487 0.08603582
 4.32798945 0.00000000
