 0.88501203 0.00000000
 0.87298670 0.06062914
 0.86461622 0.14047077
 0.85361663 0.20623826
 0.83661155 0.27395597
 0.81491903 0.34012061
 0.78846536 0.40482571
 0.75736646 0.46770532
 0.72171263 0.52845576
 0.68161157 0.58676585
 0.63718812 0.64232367
 0.58858654 0.69481647
 0.53597230 0.74393149
 0.47953372 0.78935712
 0.41948366 0.83078436
 0.35606107 0.86790865
 0.28953258 0.90043206
 0.22019387 0.92806590
 0.14837086 0.95053375
 0.07442055 0.96757484
-0.00126836 0.97894789
-0.07827554 0.98443529
-0.15614942 0.98384757
-0.23440842 0.97702817
-0.31254279 0.96385836
-0.39001731 0.94426218
-0.46627486 0.91821138
-0.54074092 0.88573001
-0.61282891 0.84689871
-0.68194658 0.80185837
-0.74750311 0.75081294
-0.80891701 0.69403139
-0.86562461 0.63184838
-0.91708883 0.56466387
-0.96280865 0.49293975
-1.00232508 0.41720442
-1.03523941 0.33799656
-1.06117047 0.25613449
-1.07982826 0.17116131
-1.09059143 0.08838275
-1.10015785 0.00000000
