 0.80655278 0.00000000
 0.79851526 0.04361239
 0.79058690 0.13372243
 0.78200747 0.19144115
 0.76736226 0.25470272
 0.74852185 0.31655691
 0.72539392 0.37739432
 0.69807087 0.43686979
 0.66659963 0.49473288
 0.63102655 0.55072561
 0.59140466 0.60458264
 0.54779784 0.65602953
 0.50028434 0.70478193
 0.44895976 0.75054558
 0.39394003 0.79301662
 0.33536454 0.83188237
 0.27339943 0.86682263
 0.20824088 0.89751157
 0.14011855 0.92362016
 0.06929890 0.94481947
-0.00391159 0.96078460
-0.07916360 0.97119952
-0.15606250 0.97576274
-0.23416663 0.97419386
-0.31298641 0.96624090
-0.39198458 0.95168841
-0.47057773 0.93036612
-0.54813948 0.90215807
-0.62400532 0.86701170
-0.69747946 0.82494685
-0.76784363 0.77606399
-0.83436784 0.72055137
-0.89632312 0.65869049
-0.95299537 0.59085985
-1.00370231 0.51753171
-1.04779861 0.43929321
-1.08473219 0.35668580
-1.11385460 0.27103233
-1.13492038 0.17965850
-1.14593973 0.09765147
-1.16515154 0.00000000
