 6.81364873 0.00000000
 6.80759532 0.09194817
 6.77918290 0.23712044
 6.70837392 0.42857822
 6.62878795 0.56811079
 6.53107433 0.68943733
 6.42304856 0.78861588
 6.26311790 0.89238367
 6.13040580 0.94973689
 5.96695960 0.99202501
 5.78045874 1.00577845
 5.61934334 0.98981682
 5.48078153 0.95417780
 5.36341489 0.90632938
 5.23485777 0.83214942
 5.14365344 0.76191824
 5.01532698 0.62970362
 4.93208047 0.50328199
 4.89352759 0.41613711
 4.86251216 0.30526328
 4.83900212 0.18856801
 4.82790076 0.15387876
 4.81495245 0.12640786
 4.80205815 0.10622600
 4.77236321 0.07157803
 4.74220624 0.03604997
 4.72998015 0.00000000
