 0.83346219 0.00000000
 0.82331028 0.04921273
 0.81503528 0.13584140
 0.80572664 0.19617831
 0.79031266 0.26092599
 0.77056244 0.32418844
 0.74637260 0.38629723
 0.71784459 0.44689777
 0.68503646 0.50572492
 0.64801218 0.56250374
 0.60684591 0.61695350
 0.56162570 0.66878654
 0.51245643 0.71770808
 0.45946237 0.76341658
 0.40278984 0.80560456
 0.34260991 0.84395973
 0.27912117 0.87816667
 0.21255248 0.90790905
 0.14316571 0.93287239
 0.07125830 0.95274748
-0.00283443 0.96723448
-0.07873740 0.97604764
-0.15603432 0.97892080
-0.23426707 0.97561340
-0.31293588 0.96591724
-0.39150053 0.94966353
-0.46938283 0.92673045
-0.54597041 0.89705067
-0.62062204 0.86061881
-0.69267450 0.81749852
-0.76145100 0.76782868
-0.82627117 0.71182855
-0.88646235 0.64980130
-0.94137177 0.58213615
-0.99038076 0.50930491
-1.03291064 0.43187595
-1.06846274 0.35039827
-1.09649314 0.26598886
-1.11672741 0.17693508
-1.12777556 0.09419812
-1.14268664 0.00000000
