 0.86641241 0.00000000
 0.85454778 0.05652042
 0.84615065 0.13866733
 0.83580818 0.20242450
 0.81940072 0.26903706
 0.79844697 0.33411351
 0.77285452 0.39784838
 0.74273397 0.45987959
 0.70816188 0.51991902
 0.66922834 0.57766920
 0.62603803 0.63282976
 0.57871313 0.68509696
 0.52739549 0.73416414
 0.47224868 0.77972266
 0.41346000 0.82146311
 0.35124262 0.85907687
 0.28583751 0.89225825
 0.21751548 0.92070691
 0.14657885 0.94413089
 0.07336306 0.96225008
-0.00176221 0.97480020
-0.07839228 0.98153730
-0.15608736 0.98224260
-0.23437300 0.97672790
-0.31274150 0.96484111
-0.39065411 0.94647212
-0.46754429 0.92155861
-0.54282204 0.89009181
-0.61587940 0.85212189
-0.68609703 0.80776273
-0.75285194 0.75719603
-0.81552615 0.70067418
-0.87351629 0.63852198
-0.92624357 0.57113693
-0.97316489 0.49898590
-1.01377899 0.42261245
-1.04765132 0.34256222
-1.07434670 0.25975012
-1.09357393 0.17333706
-1.10448097 0.09039048
-1.11568952 0.00000000
