 3.89977040 0.00000000
 3.88626274 0.15127016
 3.84472959 0.31616593
 3.76706452 0.49166792
 3.67995522 0.62229788
 3.58061670 0.73058093
 3.47312796 0.81861596
 3.36154001 0.88730299
 3.21746497 0.94956310
 3.07286472 0.98734346
 2.93149259 1.00278192
 2.73542654 0.99089704
 2.59327229 0.95725939
 2.47735779 0.91266913
 2.38363854 0.86343009
 2.28061982 0.79301912
 2.17754971 0.70033905
 2.08332837 0.58726704
 2.01968150 0.48590910
 1.96552976 0.36767418
 1.92291241 0.23117494
 1.89089457 0.00000000
