 0.87299083 0.00000000
 0.86099209 0.05798630
 0.85260037 0.13928409
 0.84203133 0.20374789
 0.82541590 0.27074601
 0.80420623 0.33620155
 0.77831551 0.40027481
 0.74785616 0.46260241
 0.71290928 0.52289093
 0.67357093 0.58083813
 0.62995266 0.63613960
 0.58218420 0.68848839
 0.53041551 0.73757562
 0.47481868 0.78309152
 0.41558985 0.82472666
 0.35295111 0.86217369
 0.28715237 0.89512945
 0.21847313 0.92329749
 0.14722399 0.94639108
 0.07374803 0.96413671
-0.00157833 0.97627796
-0.07834475 0.98257996
-0.15610714 0.98283408
-0.23438837 0.97686313
-0.31267976 0.96452667
-0.39044360 0.94572659
-0.46711643 0.92041259
-0.54211346 0.88858752
-0.61483410 0.85031241
-0.68466837 0.80571080
-0.75100452 0.75497244
-0.81323736 0.69835576
-0.87077752 0.63618924
-0.92306096 0.56887143
-0.96955951 0.49686762
-1.00978697 0.42071612
-1.04332149 0.34096050
-1.06974759 0.25848020
-1.08877355 0.17257965
-1.09963443 0.08966984
-1.11023304 0.00000000
