 1.03544044 0.00000000
 1.03295134 0.08120991
 1.02299905 0.16216240
 1.00654559 0.24178700
 0.98367526 0.31981127
 0.95457113 0.39563451
 0.91944659 0.46876401
 0.87856454 0.53870872
 0.83222634 0.60501022
 0.78077140 0.66723980
 0.72457275 0.72500302
 0.66403354 0.77794204
 0.59958298 0.82573785
 0.53167226 0.86811194
 0.46077040 0.90482749
 0.38736011 0.93569013
 0.31193371 0.96054821
 0.23498914 0.97929267
 0.15702617 0.99185654
 0.07854280 0.99821406
 0.00003180 0.99837952
-0.07802235 0.99240582
-0.15514640 0.98038283
-0.23088090 0.96243552
-0.30478256 0.93872203
-0.37642631 0.90943156
-0.44540709 0.87478228
-0.51134139 0.83501911
-0.57386859 0.79041159
-0.63265204 0.74125171
-0.68737998 0.68785180
-0.73776625 0.63054248
-0.78355088 0.56967066
-0.82450056 0.50559759
-0.86040865 0.43869728
-0.89109725 0.36935313
-0.91640901 0.29796509
-0.93624153 0.22490255
-0.95042267 0.15072078
-0.95904542 0.07520299
-0.96364070 0.00000000
