 4.82997114 0.00000000
 4.81818187 0.13767834
 4.78093676 0.29337872
 4.71089621 0.46316361
 4.65375906 0.56015038
 4.57512721 0.66251198
 4.47171974 0.76440808
 4.37812848 0.83541162
 4.26344743 0.90145401
 4.12744901 0.95626448
 3.95380656 0.99558121
 3.80727279 1.00433628
 3.67635905 0.99387379
 3.56161397 0.97021221
 3.42418146 0.92223485
 3.29007567 0.85159680
 3.18803110 0.77820555
 3.11010645 0.70683295
 3.03452331 0.62024247
 2.96895696 0.52463808
 2.91510822 0.42143635
 2.87768494 0.32342453
 2.84915475 0.21845993
 2.81577125 0.00000000
