 3.68244636 0.00000000
 3.66416743 0.17826142
 3.59284518 0.40547926
 3.53287106 0.52118978
 3.42184500 0.67074067
 3.29625679 0.78843467
 3.17922650 0.86782756
 3.05487953 0.92898776
 2.92606674 0.97169873
 2.73404502 1.00165810
 2.58407773 0.99893051
 2.45437975 0.97819726
 2.34407261 0.94628178
 2.21694527 0.89111803
 2.08295281 0.80738071
 1.95420623 0.69337462
 1.85517696 0.57087599
 1.79569900 0.47257454
 1.73804051 0.34157426
 1.70537450 0.22845818
 1.68493259 0.11107976
 1.67586414 0.00000000
