 4.67137022 0.00000000
 4.65349824 0.17221145
 4.58163266 0.40184846
 4.51330323 0.53237012
 4.39570924 0.68547555
 4.27828585 0.79305037
 4.10489469 0.90133903
 3.94648783 0.96313670
 3.80625309 0.99395836
 3.67536106 1.00417183
 3.55603905 0.99854299
 3.40698285 0.97102171
 3.25483672 0.91714256
 3.13419395 0.85295100
 3.03882734 0.78534948
 2.94385810 0.69834137
 2.85924565 0.59746668
 2.78764918 0.48394669
 2.73681391 0.37289128
 2.69953773 0.25514494
 2.67229215 0.12889699
 2.65800631 0.00000000
