 6.19610051 0.00000000
 6.16235548 0.23373971
 6.11636457 0.37229651
 6.05818076 0.49354135
 5.99129876 0.59713322
 5.89407232 0.71035921
 5.71827013 0.85085447
 5.59216095 0.91856362
 5.46187281 0.96596596
 5.33135229 0.99454072
 5.16100599 1.00538130
 5.01710261 0.99163604
 4.88073149 0.95894618
 4.76049146 0.91227465
 4.65603892 0.85568585
 4.55761619 0.78589890
 4.47285290 0.70970890
 4.39936708 0.62817494
 4.33163861 0.53083243
 4.27648400 0.41642560
 4.24093002 0.29209361
 4.22478119 0.21866365
 4.20116820 0.14640072
 4.16690659 0.08154249
 4.13502131 0.02307356
 4.13128822 0.00000000
