 0.79061474 0.00000000
 0.78384239 0.04056585
 0.77621048 0.13248984
 0.76802349 0.18872910
 0.75382351 0.25110324
 0.73550318 0.31213624
 0.71298357 0.37222821
 0.68635080 0.43104170
 0.65564629 0.48833349
 0.62090708 0.54385520
 0.58217482 0.59735043
 0.53950027 0.64855265
 0.49294699 0.69718406
 0.44259461 0.74295526
 0.38854195 0.78556529
 0.33091042 0.82470221
 0.26984746 0.86004411
 0.20553025 0.89126077
 0.13816943 0.91801592
 0.06801291 0.93997029
-0.00465048 0.95678548
-0.07948748 0.96812876
-0.15611744 0.97367879
-0.23410982 0.97313235
-0.31298268 0.96621202
-0.39220220 0.95267477
-0.47118364 0.93232134
-0.54929395 0.90500612
-0.62585626 0.87064744
-0.70015660 0.82923758
-0.77145275 0.78085241
-0.83898550 0.72565982
-0.90199207 0.66392640
-0.95972100 0.59602253
-1.01145088 0.52241903
-1.05649463 0.44371392
-1.09426778 0.36043820
-1.12405067 0.27406294
-1.14561976 0.18118995
-1.15653123 0.09992100
-1.17925841 0.00000000
