 6.01260736 0.00000000
 5.98950701 0.19156850
 5.93376701 0.37121264
 5.86370823 0.51329425
 5.79112502 0.61984713
 5.65315077 0.76366251
 5.54954469 0.84177473
 5.43797374 0.90498767
 5.32070343 0.95277911
 5.15960551 0.99273487
 5.01557355 1.00532073
 4.87190677 0.99707966
 4.73874378 0.97080531
 4.61765154 0.92964760
 4.49886187 0.87087975
 4.39318311 0.80011878
 4.30245979 0.72168992
 4.21117371 0.62064969
 4.14799792 0.52995866
 4.09945783 0.43186354
 4.06571286 0.32798011
 4.02688908 0.17253750
 3.99608765 0.09766576
 3.96153749 0.03787220
 3.95424730 0.01665215
 3.95257870 0.00000000
