 2.35251831 0.00000000
 2.33056451 0.20226982
 2.28436920 0.35913539
 2.23193668 0.47412595
 2.13624082 0.62004718
 2.03001918 0.73515316
 1.91684310 0.82577000
 1.79801050 0.89590364
 1.67733510 0.94673226
 1.51037331 0.98887601
 1.35716681 1.00170203
 1.22034112 0.99327035
 1.05002011 0.95550713
 0.91369361 0.90115062
 0.80820951 0.84168317
 0.68757817 0.74992567
 0.58983181 0.65000959
 0.51498765 0.54999871
 0.45963439 0.45436113
 0.39489209 0.29360278
 0.36026036 0.13412173
 0.35151668 0.00000000
