 0.76095712 0.00000000
 0.75617891 0.03552457
 0.74917666 0.13017261
 0.74166068 0.18377702
 0.72827726 0.24445415
 0.71090424 0.30395636
 0.68949602 0.36265079
 0.66412531 0.42021882
 0.63482449 0.47642822
 0.60161485 0.53104777
 0.56451869 0.58383751
 0.52356401 0.63454601
 0.47878872 0.68290839
 0.43024418 0.72864539
 0.37799865 0.77146295
 0.32214099 0.81105228
 0.26278450 0.84709033
 0.20007113 0.87924099
 0.13417581 0.90715683
 0.06531105 0.93048176
-0.00626856 0.94885455
-0.08026173 0.96191340
-0.15631634 0.96930164
-0.23402562 0.97067465
-0.31292522 0.96570801
-0.39249133 0.95410690
-0.47214029 0.93561667
-0.55122991 0.91003427
-0.62906309 0.87722050
-0.70489392 0.83711237
-0.77793653 0.78973534
-0.84737689 0.73521445
-0.91238756 0.67378381
-0.97214446 0.60579437
-1.02584934 0.53171034
-1.07273114 0.45215041
-1.11214366 0.36760789
-1.14320858 0.27991421
-1.16574487 0.18383856
-1.17614805 0.10481110
-1.20925468 0.00000000
