 0.75679985 0.00000000
 0.75225037 0.03488251
 0.74533685 0.12984326
 0.73790983 0.18308891
 0.72463966 0.24352238
 0.70739788 0.30280853
 0.68614404 0.36130494
 0.66094879 0.41869601
 0.63184334 0.47475087
 0.59884692 0.52924062
 0.56197925 0.58192759
 0.52126530 0.63256252
 0.47673956 0.68088240
 0.42844955 0.72660951
 0.37645935 0.76945093
 0.32085335 0.80909847
 0.26174012 0.84522914
 0.19925665 0.87750624
 0.13357285 0.90558100
 0.06489613 0.92909523
-0.00652385 0.94768473
-0.08039055 0.96098382
-0.15635610 0.96863104
-0.23401740 0.97027607
-0.31291295 0.96558792
-0.39252074 0.95426446
-0.47225764 0.93604309
-0.55148056 0.91071243
-0.62948986 0.87812485
-0.70553537 0.83820914
-0.77882519 0.79098314
-0.84853755 0.73656535
-0.91383575 0.67518473
-0.97388518 0.60718903
-1.02787635 0.53304104
-1.07502569 0.45336252
-1.11467833 0.36863878
-1.14593027 0.28076429
-1.16860569 0.18418035
-1.17888935 0.10558605
-1.21412404 0.00000000
