 0.79890105 0.00000000
 0.79148040 0.04212149
 0.78368787 0.13313052
 0.77530006 0.19013281
 0.76086928 0.25296987
 0.74227984 0.31442935
 0.71944532 0.37490885
 0.69245519 0.43406667
 0.66135366 0.49165599
 0.62618253 0.54742348
 0.58698926 0.60110808
 0.54383134 0.65243914
 0.49677990 0.70113544
 0.44592276 0.74690498
 0.39136760 0.78944522
 0.33324510 0.82844377
 0.27171239 0.86357950
 0.20695652 0.89452436
 0.13919802 0.92094574
 0.06869448 0.94250961
-0.00425605 0.95888449
-0.07931186 0.96974623
-0.15608491 0.97478372
-0.23413877 0.97370556
-0.31298735 0.96624751
-0.39209489 0.95218090
-0.47087719 0.93132159
-0.54870451 0.90353949
-0.62490627 0.86876818
-0.69877787 0.82701445
-0.76958949 0.77836715
-0.83659712 0.72300496
-0.89905563 0.66120243
-0.95623310 0.59333435
-1.00742863 0.51987244
-1.05197710 0.44140909
-1.08931097 0.35848138
-1.11874860 0.27248030
-1.14005474 0.18040148
-1.15103275 0.09871587
-1.17181336 0.00000000
