 6.51219497 0.00000000
 6.50628892 0.09345416
 6.45021466 0.32261865
 6.37304248 0.49414447
 6.27369447 0.63901562
 6.16441868 0.75258142
 6.06673325 0.82892792
 5.93657089 0.90480855
 5.77318243 0.96736470
 5.61685857 0.99865692
 5.46948587 1.00541431
 5.33395334 0.99243293
 5.17306309 0.95164668
 5.04926230 0.90002534
 4.94165039 0.83730000
 4.81606291 0.73779984
 4.73565862 0.65549724
 4.64259992 0.52475343
 4.58174884 0.38495738
 4.55831584 0.29431114
 4.52882864 0.17176989
 4.51319033 0.13467584
 4.48066165 0.08396235
 4.45669428 0.05087386
 4.44188383 0.02175567
 4.43786824 0.00000000
