 0.75171134 0.00000000
 0.74742397 0.03411682
 0.74061774 0.12943858
 0.73329809 0.18224825
 0.72016605 0.24238154
 0.70308442 0.30140262
 0.68201910 0.35965582
 0.65703821 0.41682942
 0.62817151 0.47269408
 0.59543574 0.52702376
 0.55884755 0.57958359
 0.51842825 0.63012694
 0.47420816 0.67839315
 0.42623016 0.72410643
 0.37455327 0.76697526
 0.31925642 0.80669229
 0.26044239 0.84293466
 0.19824214 0.87536500
 0.13281938 0.90363303
 0.06437528 0.92737803
-0.00684664 0.94623226
-0.08055566 0.95982536
-0.15640925 0.96779007
-0.23400893 0.96976912
-0.31289680 0.96542351
-0.39255319 0.95444211
-0.47239576 0.93655255
-0.55178045 0.91153319
-0.63000463 0.87922590
-0.70631298 0.83954928
-0.77990628 0.79251166
-0.84995327 0.73822328
-0.91560587 0.67690665
-0.97601642 0.60890541
-1.03036156 0.53468043
-1.07784217 0.45485729
-1.11779280 0.36991031
-1.14927668 0.28181677
-1.17212385 0.18458514
-1.18223850 0.10657077
-1.22042865 0.00000000
