 0.86420291 0.00000000
 0.85240136 0.05602649
 0.84400397 0.13846487
 0.83373610 0.20198615
 0.81739770 0.26847041
 0.79652862 0.33342093
 0.77103485 0.39704327
 0.74102639 0.45897582
 0.70657834 0.51893217
 0.66777882 0.57661644
 0.62473030 0.63172960
 0.57755248 0.68396899
 0.52638453 0.73302871
 0.47138721 0.77860053
 0.41274493 0.82037505
 0.35066787 0.85804331
 0.28539407 0.89129879
 0.21719141 0.91983990
 0.14635948 0.94337298
 0.07323114 0.96161579
-0.00182621 0.97430145
-0.07840980 0.98118301
-0.15608131 0.98203837
-0.23436726 0.97667564
-0.31276031 0.96493886
-0.39072141 0.94671392
-0.46768306 0.92193448
-0.54305356 0.89058786
-0.61622254 0.85272055
-0.68656755 0.80844317
-0.75346186 0.75793466
-0.81628325 0.70144538
-0.87442363 0.63929881
-0.92729928 0.57189206
-0.97436206 0.49969248
-1.01510563 0.42324539
-1.04909116 0.34309702
-1.07587672 0.26017450
-1.09517151 0.17358845
-1.10609283 0.09063516
-1.11751421 0.00000000
