 0.82452659 0.00000000
 0.81504473 0.04729905
 0.80685965 0.13512711
 0.79780355 0.19457691
 0.78264798 0.25883049
 0.76320553 0.32162035
 0.73937465 0.38330344
 0.71125400 0.44352785
 0.67889762 0.50203370
 0.64236332 0.55855180
 0.60171794 0.61280660
 0.55704118 0.66451479
 0.50842879 0.71338499
 0.45599522 0.75911796
 0.39987645 0.80140721
 0.34023283 0.83994009
 0.27725199 0.87439933
 0.21115183 0.90446511
 0.14218348 0.92981778
 0.07063411 0.95014123
-0.00317044 0.96512695
-0.07886346 0.97447882
-0.15603561 0.97791864
-0.23423393 0.97519240
-0.31296165 0.96607720
-0.39167915 0.95038871
-0.46980608 0.92798902
-0.54672503 0.89879481
-0.62178669 0.86278526
-0.69431672 0.82000979
-0.76362438 0.77059491
-0.82901274 0.71475001
-0.88979048 0.65277151
-0.94528464 0.58504546
-0.99485567 0.51204420
-1.03790323 0.43434244
-1.07391104 0.35248784
-1.10230232 0.26766077
-1.12281091 0.17785899
-1.13386672 0.09530201
-1.15003709 0.00000000
