 3.88903482 0.00000000
 3.87583544 0.14951055
 3.83508558 0.31293105
 3.75886568 0.48712205
 3.67330401 0.61709686
 3.57553054 0.72522768
 3.46948339 0.81353940
 3.35914842 0.88284164
 3.21629906 0.94622823
 3.07249475 0.98538933
 2.93147166 1.00231097
 2.73517899 0.99250751
 2.59234353 0.96027520
 2.47554491 0.91668651
 2.38088980 0.86810821
 2.27662465 0.79819882
 2.17206291 0.70569219
 2.07628897 0.59235358
 2.01143940 0.49042023
 1.95619287 0.37126425
 1.91282032 0.23372873
 1.88020777 0.00000000
