 6.29605553 0.00000000
 6.25490488 0.25951445
 6.20079635 0.40812008
 6.13174146 0.53725974
 6.05301512 0.64541794
 5.97997773 0.72384490
 5.87811815 0.80978783
 5.74305444 0.89378898
 5.60552001 0.95237108
 5.46729569 0.98837062
 5.33244685 1.00448316
 5.16159311 0.99829722
 5.02164436 0.97101874
 4.89256637 0.92680807
 4.78174098 0.87157420
 4.68751848 0.80949080
 4.60008617 0.73671075
 4.51537958 0.64857385
 4.44964379 0.56124919
 4.39672800 0.46540206
 4.35888424 0.36208074
 4.32029155 0.20144174
 4.29798203 0.13832761
 4.26526472 0.08045800
 4.22929476 0.01025364
 4.22838808 0.00000000
