 4.32701783 0.00000000
 4.29449252 0.23736052
 4.24187375 0.39338731
 4.17598440 0.52186481
 4.10573378 0.62306612
 3.99385063 0.74314911
 3.88100870 0.83170423
 3.71331317 0.92320801
 3.55130533 0.97671308
 3.40106014 1.00058887
 3.22996471 0.99995881
 3.07960188 0.97462347
 2.94976068 0.93292887
 2.79282880 0.85371808
 2.69303517 0.78273242
 2.59040707 0.68709571
 2.51277746 0.59252920
 2.44603606 0.48657742
 2.39258281 0.37045741
 2.35364842 0.24629306
 2.33104323 0.14360337
 2.31585182 0.00000000
