 5.09357303 0.00000000
 5.07269358 0.18476394
 5.03748682 0.31431704
 4.98235823 0.44718349
 4.90405589 0.57896133
 4.81586644 0.68749378
 4.69988331 0.79312359
 4.55670899 0.88629872
 4.43404468 0.94154576
 4.29304030 0.98245751
 4.13769288 1.00324040
 3.95532382 0.99637377
 3.81404742 0.96752633
 3.69650474 0.92655913
 3.59973601 0.87948041
 3.49060289 0.80927593
 3.39074205 0.72475941
 3.29188518 0.61344145
 3.22438685 0.51227587
 3.17114426 0.40559133
 3.13213774 0.29481734
 3.09993895 0.16111516
 3.07758712 0.00000000
