 6.01530397 0.00000000
 5.99207123 0.19214152
 5.93608108 0.37214855
 5.86570210 0.51447202
 5.79279307 0.62115251
 5.65429058 0.76499115
 5.55035400 0.84300710
 5.43848285 0.90604101
 5.32097682 0.95359134
 5.15967371 0.99315671
 5.01557408 1.00535830
 4.87195075 0.99673777
 4.73892565 0.97012907
 4.61804503 0.92869701
 4.49953986 0.86971245
 4.39417704 0.79882139
 4.30376593 0.72034588
 4.21282724 0.61933974
 4.14997550 0.52877947
 4.10175799 0.43093906
 4.06822421 0.32732702
 4.02936704 0.17176913
 3.99897846 0.09847559
 3.96373588 0.03687327
 3.95677152 0.01612314
 3.95520886 0.00000000
