 0.90838786 0.00000000
 0.89712523 0.06550488
 0.88878846 0.14303287
 0.87690089 0.21134252
 0.85910128 0.28052002
 0.83641256 0.34812270
 0.80879606 0.41410494
 0.77637617 0.47809430
 0.73926454 0.53976511
 0.69759449 0.59878806
 0.65151950 0.65483641
 0.60121490 0.70758640
 0.54687898 0.75671848
 0.48873410 0.80191875
 0.42702779 0.84288073
 0.36203367 0.87930734
 0.29405228 0.91091327
 0.22341172 0.93742758
 0.15046805 0.95859661
 0.07560529 0.97418724
-0.00076483 0.98399031
-0.07820366 0.98782430
-0.15624692 0.98553917
-0.23440650 0.97702027
-0.31217295 0.96219229
-0.38901857 0.94102307
-0.46440123 0.91352726
-0.53776881 0.87976965
-0.60856442 0.83986798
-0.67623210 0.79399525
-0.74022320 0.74238128
-0.80000315 0.68531339
-0.85505859 0.62313617
-0.90490459 0.55625027
-0.94909221 0.48510918
-0.98721389 0.41022096
-1.01891526 0.33211101
-1.04387585 0.25149165
-1.06181913 0.16828711
-1.07234794 0.08599315
-1.08016067 0.00000000
