 0.71770922 0.00000000
 0.71471971 0.02949212
 0.70858026 0.12670644
 0.70193914 0.17668061
 0.68971075 0.23476188
 0.67368207 0.29199638
 0.65386061 0.34860379
 0.63029669 0.40430073
 0.60301073 0.45886671
 0.57200387 0.51209395
 0.53727352 0.56376612
 0.49881809 0.61365447
 0.45664150 0.66151459
 0.41075701 0.70708454
 0.36119101 0.75008367
 0.30798689 0.79021180
 0.25120946 0.82714894
 0.19094954 0.86055557
 0.12732918 0.89007357
 0.06050706 0.91532794
-0.00931561 0.93592961
-0.08188917 0.95147935
-0.15690943 0.96157301
-0.23401191 0.96580835
-0.31276661 0.96379347
-0.39267365 0.95515702
-0.47316034 0.93956018
-0.55358023 0.91671027
-0.63321452 0.88637581
-0.71127663 0.84840260
-0.78692030 0.80273015
-0.85925175 0.74940773
-0.92734610 0.68860855
-0.99026674 0.62064345
-1.04709567 0.54595419
-1.09692496 0.46519745
-1.13902957 0.37872144
-1.17220476 0.28929503
-1.19634361 0.18672161
-1.20426976 0.11442394
-1.28288324 0.00000000
