 5.64630786 0.00000000
 5.63620743 0.12550630
 5.58477737 0.32559656
 5.52933406 0.45618836
 5.45203392 0.58348002
 5.35454272 0.70048965
 5.23795520 0.80355055
 5.11721177 0.88135539
 4.99807225 0.93694136
 4.86689774 0.97791498
 4.73238874 1.00028840
 4.59750290 1.00435734
 4.45146461 0.98832260
 4.30845560 0.95062690
 4.17483899 0.89315842
 4.04280507 0.81124759
 3.95553378 0.73887378
 3.86563049 0.64366348
 3.78138688 0.52533513
 3.72513363 0.41381363
 3.69076659 0.31407440
 3.65378759 0.15299060
 3.63678487 0.09691676
 3.61119643 0.04491610
 3.59803677 0.01945376
 3.59421876 0.00000000
