 1.17198527 0.00000000
 1.17288819 0.08970812
 1.15900877 0.18732215
 1.13746465 0.27668828
 1.10740428 0.36494902
 1.06959136 0.44923704
 1.02440553 0.52923067
 0.97247454 0.60415536
 0.91444092 0.67344604
 0.85101015 0.73661092
 0.78291523 0.79326439
 0.71090588 0.84311941
 0.63573228 0.88598541
 0.55813238 0.92176228
 0.47882056 0.95043297
 0.39847862 0.97205491
 0.31774864 0.98675077
 0.23722806 0.99469889
 0.15746635 0.99612392
 0.07896353 0.99128776
 0.00216993 0.98048120
-0.07251285 0.96401630
-0.14473005 0.94221958
-0.21417123 0.91542621
-0.28056720 0.88397496
-0.34368669 0.84820418
-0.40333286 0.80844841
-0.45933974 0.76503589
-0.51156873 0.71828661
-0.55990529 0.66851109
-0.60425569 0.61600952
-0.64454415 0.56107146
-0.68071003 0.50397589
-0.71270546 0.44499161
-0.74049395 0.38437679
-0.76404282 0.32238580
-0.78333270 0.25926720
-0.79844980 0.19498923
-0.80838949 0.13255470
-0.81642697 0.05667176
-0.82477063 0.00000000
