 0.83412157 0.00000000
 0.82392251 0.04935568
 0.81564191 0.13589473
 0.80631419 0.19629781
 0.79088099 0.26108206
 0.77110779 0.32437964
 0.74689117 0.38652004
 0.71833275 0.44714849
 0.68549091 0.50599943
 0.64843008 0.56279751
 0.60722498 0.61726161
 0.56196430 0.66910374
 0.51275358 0.71802887
 0.45971784 0.76373531
 0.40300418 0.80591551
 0.34278447 0.84425721
 0.27925811 0.87844515
 0.21265478 0.90816326
 0.14323714 0.93309746
 0.07130340 0.95293906
-0.00281044 0.96738888
-0.07872867 0.97616195
-0.15603451 0.97899300
-0.23426948 0.97564250
-0.31293358 0.96590331
-0.39148658 0.94960782
-0.46935046 0.92663538
-0.54591323 0.89691983
-0.62053428 0.86045694
-0.69255122 0.81731139
-0.76128831 0.76762295
-0.82606639 0.71161160
-0.88621418 0.64958102
-0.94108041 0.58192059
-0.99004791 0.50910212
-1.03253963 0.43169348
-1.06805816 0.35024374
-1.09606195 0.26586537
-1.11627602 0.17686609
-1.12732302 0.09411808
-1.14214649 0.00000000
