 0.69122065 0.00000000
 0.68883792 0.02632451
 0.68316507 0.12458245
 0.67700902 0.17242198
 0.66544926 0.22886976
 0.65020815 0.28470137
 0.63132297 0.34000831
 0.60882984 0.39453067
 0.58274215 0.44805339
 0.55305024 0.50038193
 0.51973834 0.55131388
 0.48278902 0.60063452
 0.44218781 0.64811261
 0.39792703 0.69349809
 0.35000957 0.73652032
 0.29845295 0.77688681
 0.24329373 0.81428235
 0.18459246 0.84836877
 0.12243904 0.87878519
 0.05695876 0.90514922
-0.01168135 0.92705907
-0.08326571 0.94409686
-0.15752312 0.95583346
-0.23411978 0.96183489
-0.31265264 0.96167069
-0.39264344 0.95492429
-0.47353409 0.94120560
-0.55468395 0.92016567
-0.63536975 0.89151341
-0.71478883 0.85503383
-0.79206667 0.81060725
-0.86626920 0.75822870
-0.93642111 0.69802547
-1.00152788 0.63027621
-1.06061806 0.55539755
-1.11272216 0.47408778
-1.15718443 0.38647509
-1.19245832 0.29651473
-1.21941001 0.18730626
-1.22055499 0.12162012
-1.43781705 0.00000000
