 0.72543566 0.00000000
 0.72221247 0.03047747
 0.71592909 0.12732933
 0.70913941 0.17793708
 0.69670929 0.23649045
 0.68044452 0.29413281
 0.66034342 0.35111689
 0.63646049 0.40715262
 0.60881823 0.46201767
 0.57742118 0.51550026
 0.54227090 0.56737985
 0.50337077 0.61742365
 0.46073047 0.66538344
 0.41436977 0.71099401
 0.36432227 0.75397201
 0.31063926 0.79401540
 0.25339405 0.83080324
 0.19268654 0.86399613
 0.12864822 0.89323735
 0.06144755 0.91815476
-0.00870449 0.93836372
-0.08154859 0.95347117
-0.15677148 0.96308101
-0.23400044 0.96680093
-0.31279853 0.96425089
-0.39266072 0.95507319
-0.47301143 0.93894421
-0.55320401 0.91558772
-0.63252267 0.88478938
-0.71018734 0.84641218
-0.78536200 0.80041209
-0.85716675 0.74685311
-0.92469403 0.68592063
-0.98702747 0.61793378
-1.04327037 0.54333976
-1.09253977 0.46278694
-1.13412053 0.37666282
-1.16687794 0.28750839
-1.19067380 0.18634618
-1.19932802 0.11241472
-1.26358754 0.00000000
