 2.70337812 0.00000000
 2.68295822 0.19322796
 2.63564719 0.35657301
 2.57239359 0.49216504
 2.47547320 0.63415626
 2.36998773 0.74478167
 2.25853096 0.83186157
 2.14598482 0.89739936
 1.98502064 0.96077098
 1.83164887 0.99351430
 1.68996823 1.00211831
 1.51396000 0.98462581
 1.36993384 0.94591094
 1.25343281 0.89651780
 1.12210685 0.81749098
 0.99112487 0.70618119
 0.88384107 0.57774030
 0.82745511 0.48768866
 0.77072918 0.36723661
 0.73637464 0.26304936
 0.71151355 0.14041306
 0.70185462 0.00000000
