 0.73101538 0.00000000
 0.72760325 0.03121064
 0.72121338 0.12777901
 0.71431443 0.17884796
 0.70173714 0.23774046
 0.68530056 0.29567680
 0.66499625 0.35293205
 0.64088167 0.40921134
 0.61298085 0.46429100
 0.58130082 0.51795626
 0.54584624 0.56998358
 0.50662416 0.62013720
 0.46364851 0.66816621
 0.41694386 0.71380307
 0.36654907 0.75676259
 0.31252122 0.79674144
 0.25493983 0.83341811
 0.19391135 0.86645343
 0.12957413 0.89549185
 0.06210363 0.92016341
-0.00828213 0.94008685
-0.08131702 0.95487372
-0.15668131 0.96413386
-0.23399653 0.96748227
-0.31282098 0.96454755
-0.39264612 0.95498186
-0.47289457 0.93847259
-0.55291984 0.91475525
-0.63200858 0.88362774
-0.70938568 0.84496525
-0.78422271 0.79873532
-0.85565002 0.74501229
-0.92277266 0.68398998
-0.98468896 0.61599317
-1.04051788 0.54147259
-1.08939458 0.46107116
-1.13061313 0.37520011
-1.16308552 0.28625680
-1.18666315 0.18602896
-1.19573615 0.11105329
-1.25221884 0.00000000
