 5.04512419 0.00000000
 5.02626695 0.17523965
 4.97226777 0.36060662
 4.87101602 0.55648624
 4.78931426 0.66344732
 4.68073027 0.76948890
 4.54504179 0.86563483
 4.42742039 0.92493631
 4.29042016 0.97154104
 4.13737772 0.99942461
 3.95479224 1.00137582
 3.81111288 0.97905663
 3.69003276 0.94300848
 3.58925920 0.89937981
 3.47448717 0.83204802
 3.36830294 0.74884263
 3.26205539 0.63690195
 3.18883258 0.53354963
 3.13053325 0.42324478
 3.08768427 0.30796824
 3.05360909 0.17111979
 3.02948866 0.00000000
