 6.46645468 0.00000000
 6.45068876 0.15608349
 6.40936468 0.30833239
 6.33781432 0.47488687
 6.24572544 0.61671378
 6.14346135 0.72979542
 6.05122415 0.80728136
 5.92702339 0.88624062
 5.76916767 0.95444570
 5.61593557 0.99226174
 5.46947747 1.00558752
 5.33304187 0.99880693
 5.16888308 0.96482851
 5.04091856 0.91769729
 4.92827410 0.85808630
 4.79584482 0.76053595
 4.69076204 0.65620644
 4.62730620 0.57399491
 4.57597911 0.48544847
 4.53820238 0.39194286
 4.51469039 0.30378117
 4.48697571 0.18542449
 4.47503325 0.15238095
 4.44974352 0.10561161
 4.41407542 0.05465558
 4.39341299 0.00000000
