 5.47907140 0.00000000
 5.43401849 0.27623406
 5.39211606 0.39263310
 5.33439540 0.50760816
 5.25931181 0.61818791
 5.16702021 0.72141106
 5.06816525 0.80570840
 4.96665057 0.87218673
 4.85066205 0.92913302
 4.72669603 0.97107913
 4.59676220 0.99661728
 4.44945839 1.00472994
 4.29784796 0.99057182
 4.14918309 0.95284506
 3.99521616 0.88619631
 3.88892906 0.82019675
 3.77612839 0.72653001
 3.65099331 0.58013964
 3.58712207 0.47514006
 3.52955745 0.33419366
 3.48233965 0.13978339
 3.47001868 0.09472963
 3.46186693 0.07544768
 3.44466937 0.04396103
 3.43055063 0.00000000
