 4.24632297 0.00000000
 4.21861945 0.21852422
 4.17285602 0.36524907
 4.11570352 0.48699404
 4.05420595 0.58448095
 3.95502281 0.70297686
 3.85325682 0.79348989
 3.69858109 0.89215464
 3.54540497 0.95583194
 3.39981065 0.99083249
 3.22973196 1.00386544
 3.07631069 0.99045571
 2.94078678 0.95819812
 2.77294251 0.88837057
 2.66385062 0.82135939
 2.54967650 0.72725958
 2.45466231 0.62200170
 2.39339321 0.53434154
 2.32323474 0.39813760
 2.27842112 0.26633428
 2.25321377 0.15829758
 2.23564679 0.00000000
