 0.69517634 0.00000000
 0.69271873 0.02678060
 0.68697959 0.12489773
 0.68075359 0.17305300
 0.66909677 0.22974589
 0.65374088 0.28578753
 0.63471887 0.34128973
 0.61206895 0.39598912
 0.58580552 0.44966986
 0.55592044 0.50213555
 0.52239977 0.55318173
 0.48522830 0.60259158
 0.44439415 0.65013188
 0.39989260 0.69555076
 0.35172987 0.73857596
 0.29992721 0.77891373
 0.24452525 0.81624796
 0.18558894 0.85024006
 0.12321293 0.88052931
 0.05752745 0.90673412
-0.01129534 0.92845428
-0.08303464 0.94527433
-0.15741413 0.95676851
-0.23409517 0.96250719
-0.31267024 0.96206531
-0.39265734 0.95503275
-0.47349553 0.94102679
-0.55454252 0.91970673
-0.63507474 0.89079028
-0.71429080 0.85407155
-0.79131906 0.80943989
-0.86522985 0.75689869
-0.93505326 0.69658247
-0.99980052 0.62877499
-1.05850326 0.55389737
-1.11019484 0.47263938
-1.15418494 0.38517457
-1.18900108 0.29521863
-1.21517148 0.18731374
-1.21844131 0.12077630
-1.39690092 0.00000000
