 6.82172487 0.00000000
 6.81554233 0.09292190
 6.78672100 0.23915371
 6.71496118 0.43171962
 6.63429271 0.57187256
 6.53533592 0.69347062
 6.42614835 0.79254224
 6.26482345 0.89567816
 6.13127306 0.95223450
 5.96717751 0.99333079
 5.78046266 1.00559925
 5.61960958 0.98837191
 5.48161283 0.95172264
 5.36495652 0.90315386
 5.23744087 0.82838294
 5.14710812 0.75792043
 5.05975834 0.67246321
 4.95806593 0.53541245
 4.89849215 0.40737228
 4.87023950 0.30368009
 4.84662760 0.18653637
 4.83498480 0.15107349
 4.82114453 0.12288085
 4.79245005 0.08446387
 4.75633214 0.04487637
 4.74257743 0.02192126
 4.73778557 0.00000000
