 2.40607448 0.00000000
 2.38163032 0.21338677
 2.33069299 0.37731663
 2.27291806 0.49673277
 2.16838039 0.64622167
 2.05372961 0.76169720
 1.93295930 0.85028579
 1.80776310 0.91653116
 1.68229243 0.96221203
 1.51136112 0.99602503
 1.35719793 1.00070629
 1.22163635 0.98508986
 1.05563967 0.93913517
 0.92489556 0.87941229
 0.82501711 0.81688116
 0.71215280 0.72330170
 0.62170302 0.62379242
 0.55305664 0.52580152
 0.50263779 0.43315974
 0.44402549 0.27901281
 0.41286087 0.12733821
 0.40499156 0.00000000
