 4.98861937 0.00000000
 4.97190404 0.16463794
 4.92290139 0.34191166
 4.83097594 0.53090967
 4.75640846 0.63565735
 4.65618741 0.74154027
 4.52920189 0.84031833
 4.41773052 0.90368438
 4.28596323 0.95635901
 4.13639293 0.99211303
 3.95462568 1.00430385
 3.80892385 0.98991899
 3.68427353 0.96006639
 3.57914898 0.92098771
 3.45795683 0.85769559
 3.34433462 0.77669162
 3.22911466 0.66465302
 3.14878927 0.55908184
 3.08413888 0.44471040
 3.03628043 0.32395861
 2.99968754 0.18305865
 2.97337961 0.00000000
