 5.19321186 0.00000000
 5.16757630 0.20564993
 5.12588613 0.34560350
 5.06031192 0.48807401
 4.96793320 0.62653856
 4.86537766 0.73714084
 4.73369253 0.84013775
 4.57537412 0.92500590
 4.44333196 0.97034162
 4.29573192 0.99831988
 4.13777829 1.00378480
 3.95848339 0.97915492
 3.82390648 0.93793490
 3.67004324 0.86287328
 3.52937888 0.76087747
 3.44215354 0.67519061
 3.35749903 0.56648021
 3.30073901 0.47047133
 3.25680021 0.37145612
 3.22449298 0.26925646
 3.19543632 0.14112038
 3.17647083 0.00000000
