 0.76031619 0.00000000
 0.75557411 0.03542460
 0.74858559 0.13012191
 0.74108340 0.18367086
 0.72771746 0.24431051
 0.71036469 0.30377944
 0.68898030 0.36244339
 0.66363666 0.41998417
 0.63436597 0.47616980
 0.60118922 0.53076939
 0.56412830 0.58354335
 0.52321073 0.63424059
 0.47847391 0.68259649
 0.42996858 0.72833205
 0.37776238 0.77115338
 0.32194346 0.81075176
 0.26262441 0.84680417
 0.19994639 0.87897439
 0.13408359 0.90691479
 0.06524769 0.93026895
-0.00630743 0.94867518
-0.08028124 0.96177107
-0.15632226 0.96919921
-0.23402428 0.97061410
-0.31292338 0.96569032
-0.39249604 0.95413191
-0.47215865 0.93568300
-0.55126888 0.91013926
-0.62912925 0.87736020
-0.70499317 0.83728157
-0.77807385 0.78992765
-0.84755606 0.73542251
-0.91261095 0.67399945
-0.97241280 0.60600895
-1.02616165 0.53191499
-1.07308452 0.45233676
-1.11253388 0.36776636
-1.14362749 0.28004471
-1.16618517 0.18389185
-1.17657092 0.10492891
-1.20999065 0.00000000
