 6.70062369 0.00000000
 6.69616102 0.07922160
 6.67298277 0.20988581
 6.61414261 0.38632113
 6.54830432 0.51695096
 6.46688629 0.63346293
 6.37455004 0.73273830
 6.23418511 0.84317266
 6.11400186 0.91009725
 5.96126538 0.96760290
 5.78017641 1.00150661
 5.61753482 1.00356970
 5.47272746 0.98306081
 5.34642836 0.94660672
 5.20398121 0.88243064
 5.10018331 0.81684311
 5.01320385 0.74620443
 4.93402514 0.66716214
 4.85881385 0.57025887
 4.79524924 0.45308705
 4.75357947 0.32411574
 4.73351950 0.22644117
 4.71830840 0.16767957
 4.69972215 0.12588319
 4.68400835 0.10175221
 4.65320726 0.06417676
 4.62060645 0.00000000
