 5.00476156 0.00000000
 4.98745724 0.16761101
 4.93707512 0.34717462
 4.84257333 0.53814331
 4.76601658 0.64356073
 4.66343816 0.74955537
 4.53397482 0.84766993
 4.42072326 0.90994830
 4.28740424 0.96095463
 4.13676001 0.99451045
 3.95464224 1.00379018
 3.80942943 0.98710917
 3.68573386 0.95544000
 3.58181205 0.91500541
 3.46243144 0.85048273
 3.35093677 0.76877351
 3.23831571 0.65668929
 3.16006643 0.55171210
 3.09728079 0.43848207
 3.05091355 0.31931627
 3.01507818 0.17961628
 2.98941015 0.00000000
