 1.72373081 0.00000000
 1.71004786 0.16164775
 1.67203332 0.31587623
 1.61949626 0.44373983
 1.55131674 0.56095382
 1.46974357 0.66583134
 1.33092261 0.79479257
 1.18217259 0.88920886
 1.03014353 0.95255803
 0.88101197 0.98836700
 0.74334625 1.00076431
 0.61377697 0.99497517
 0.49409992 0.97437482
 0.33998156 0.92465064
 0.21092038 0.85975349
 0.10394097 0.78608658
 0.01592469 0.70776233
-0.08643356 0.58765995
-0.18152821 0.42655380
-0.24014046 0.26880610
-0.27015340 0.11515113
-0.27649644 0.00000000
