 6.94829879 0.00000000
 6.93978201 0.10935319
 6.90384789 0.27263046
 6.81526887 0.48309139
 6.71580184 0.63237896
 6.59611103 0.75662016
 6.46824107 0.85201608
 6.28566814 0.94239618
 6.14039644 0.98461615
 5.96855897 1.00561504
 5.78161489 0.99444086
 5.62738847 0.95826939
 5.49993654 0.90738223
 5.39533806 0.84923499
 5.28432286 0.76737052
 5.17302174 0.65744301
 5.10532219 0.56862664
 5.03291197 0.42865316
 4.99208202 0.28053763
 4.97740547 0.19790650
 4.96442744 0.15356825
 4.94779426 0.11930691
 4.93136479 0.09671687
 4.90376177 0.06835616
 4.87256389 0.03437287
 4.86042044 0.00618341
 4.85998220 0.00000000
