 0.83247238 0.00000000
 0.82239193 0.04899856
 0.81412559 0.13576153
 0.80484548 0.19599928
 0.78946031 0.26069211
 0.76974450 0.32390189
 0.74559480 0.38596328
 0.71711234 0.44652198
 0.68435471 0.50531343
 0.64738518 0.56206335
 0.60627710 0.61649158
 0.56111755 0.66831095
 0.51201040 0.71722703
 0.45907881 0.76293856
 0.40246795 0.80513814
 0.34234768 0.84351343
 0.27891537 0.87774880
 0.21239865 0.90752751
 0.14305822 0.93253448
 0.07119036 0.95245973
-0.00287065 0.96700244
-0.07875064 0.97587569
-0.15603409 0.97881196
-0.23426344 0.97556921
-0.31293922 0.96593759
-0.39152127 0.94974658
-0.46943112 0.92687259
-0.54605584 0.89724650
-0.62075329 0.86086126
-0.69285899 0.81777894
-0.76169460 0.76813706
-0.82657790 0.71215382
-0.88683418 0.65013167
-0.94180843 0.58245946
-0.99087967 0.50960912
-1.03346686 0.43214971
-1.06906936 0.35063013
-1.09713970 0.26617419
-1.11740430 0.17703843
-1.12845403 0.09431861
-1.14349790 0.00000000
