 1.44190190 0.00000000
 1.43951975 0.04603436
 1.43149316 0.12537827
 1.40588075 0.24629515
 1.36646864 0.35899067
 1.31322491 0.46559747
 1.24843171 0.56253095
 1.17412745 0.64856333
 1.09256253 0.72284130
 1.00590461 0.78507706
 0.91616148 0.83540651
 0.82510775 0.87429725
 0.73425109 0.90245287
 0.64482502 0.92072783
 0.55780116 0.93005598
 0.47391382 0.93139448
 0.39369082 0.92568236
 0.31748639 0.91381206
 0.24551306 0.89661152
 0.17787085 0.87483442
 0.11457282 0.84915657
 0.05556687 0.82017647
 0.00075370 0.78841868
-0.04999856 0.75433891
-0.09684270 0.71832999
-0.13994340 0.68072813
-0.17947011 0.64181927
-0.21559177 0.60184499
-0.24847279 0.56100816
-0.27826996 0.51947802
-0.30513019 0.47739485
-0.32918869 0.43487427
-0.35056732 0.39201140
-0.36937300 0.34888507
-0.38569573 0.30556293
-0.39960471 0.26211126
-0.41114837 0.21858746
-0.42026084 0.17535912
-0.42728677 0.13065721
-0.43252227 0.07684343
-0.43402176 0.00934235
-0.43450380 0.00000000
