 2.02059049 0.00000000
 1.99576209 0.21703280
 1.95604830 0.35114001
 1.90271378 0.46986008
 1.83989001 0.57258589
 1.72939480 0.70524988
 1.60425791 0.81222282
 1.47519309 0.89127720
 1.34473144 0.94684196
 1.21692792 0.98156607
 1.04054137 1.00112342
 0.88321497 0.99203990
 0.75007796 0.96437193
 0.63414247 0.92408230
 0.53428082 0.87568075
 0.41491353 0.79772305
 0.32207478 0.71768158
 0.22016921 0.60173000
 0.12948588 0.45647142
 0.07983649 0.34236942
 0.03695878 0.18507009
 0.02007012 0.00000000
