 0.85944041 0.00000000
 0.84780414 0.05496079
 0.83940945 0.13803596
 0.82929979 0.20105156
 0.81310890 0.26726119
 0.79242025 0.33194256
 0.76713671 0.39532425
 0.73736701 0.45704562
 0.70318323 0.51682387
 0.66466942 0.57436650
 0.62192329 0.62937738
 0.57505930 0.68155616
 0.52421100 0.73059860
 0.46953316 0.77619739
 0.41120402 0.81804325
 0.34942744 0.85582646
 0.28443514 0.88923885
 0.21648880 0.91797625
 0.14588208 0.94174142
 0.07294233 0.96024757
-0.00196798 0.97322240
-0.07845025 0.98041257
-0.15606938 0.98158886
-0.23435402 0.97655157
-0.31279770 0.96513646
-0.39086087 0.94722079
-0.46797401 0.92272959
-0.54354187 0.89164172
-0.61694895 0.85399576
-0.68756623 0.80989523
-0.75475897 0.75951311
-0.81789580 0.70309520
-0.87635856 0.64096214
-0.92955284 0.57351011
-0.97691965 0.50120741
-1.01794165 0.42460310
-1.05217077 0.34424450
-1.07915030 0.26108573
-1.09859064 0.17412520
-1.10954057 0.09116726
-1.12143531 0.00000000
