 6.00182151 0.00000000
 5.97924429 0.18928999
 5.92449387 0.36748647
 5.85570089 0.50860093
 5.78440960 0.61463668
 5.64853840 0.75834002
 5.54625179 0.83682162
 5.43588589 0.90073428
 5.31956869 0.94947667
 5.15930972 0.99097996
 5.01556879 1.00509826
 4.87174828 0.99837837
 4.73805103 0.97344942
 4.61612494 0.93340190
 4.49620440 0.87551733
 4.38926276 0.80529292
 4.29728594 0.72706412
 4.20460233 0.62589923
 4.11300876 0.48592035
 4.05568338 0.33062083
 4.01693621 0.17554377
 3.99333712 0.11199528
 3.96909335 0.06893131
 3.95294445 0.04204378
 3.94421036 0.01890474
 3.94205859 0.00000000
