 0.75361594 0.00000000
 0.74923275 0.03440087
 0.74238656 0.12959024
 0.73502691 0.18256270
 0.72184324 0.24280859
 0.70470173 0.30192897
 0.68356590 0.36027330
 0.65850483 0.41752842
 0.62954882 0.47346440
 0.59671553 0.52785415
 0.56002276 0.58046174
 0.51949318 0.63103957
 0.47515866 0.67932608
 0.42706381 0.72504476
 0.37526956 0.76790356
 0.31985685 0.80759481
 0.26093064 0.84379559
 0.19862416 0.87616877
 0.13310341 0.90436462
 0.06457192 0.92802338
-0.00672448 0.94677858
-0.08049288 0.96026165
-0.15638876 0.96810746
-0.23401188 0.96996135
-0.31290298 0.96548732
-0.39254149 0.95437760
-0.47234477 0.93636349
-0.55166909 0.91122721
-0.62981294 0.87881456
-0.70602291 0.83904799
-0.77950249 0.79193940
-0.84942402 0.73760216
-0.91494365 0.67626121
-0.97521863 0.60826177
-1.02943081 0.53406543
-1.07678693 0.45429635
-1.11662548 0.36943311
-1.14802214 0.28142124
-1.17080481 0.18443550
-1.18098587 0.10619736
-1.21802006 0.00000000
