 0.76159854 0.00000000
 0.75678387 0.03562499
 0.74976786 0.13022332
 0.74223806 0.18388330
 0.72883713 0.24459789
 0.71144383 0.30413339
 0.69001177 0.36285833
 0.66461395 0.42045360
 0.63528296 0.47668677
 0.60204041 0.53132627
 0.56490899 0.58413178
 0.52391716 0.63485154
 0.47910338 0.68322037
 0.43051960 0.72895878
 0.37823473 0.77177254
 0.32233831 0.81135277
 0.26294438 0.84737643
 0.20019565 0.87950748
 0.13426785 0.90739872
 0.06537423 0.93069438
-0.00622983 0.94903371
-0.08024234 0.96205549
-0.15631049 0.96940381
-0.23402698 0.97073491
-0.31292703 0.96572541
-0.39248656 0.95408161
-0.47212182 0.93555007
-0.55119078 0.90992904
-0.62899675 0.87708059
-0.70479447 0.83694301
-0.77779899 0.78954290
-0.84719749 0.73500631
-0.91216396 0.67356813
-0.97187592 0.60557979
-1.02553686 0.53150570
-1.07237762 0.45196410
-1.11175335 0.36744946
-1.14278960 0.27978379
-1.16530451 0.18378501
-1.17572478 0.10469379
-1.20852321 0.00000000
