 1.24846530 0.00000000
 1.24752862 0.07667029
 1.23770864 0.16130913
 1.22159311 0.23933748
 1.19918420 0.31637057
 1.17085680 0.39082453
 1.13689451 0.46235146
 1.09767590 0.53044964
 1.05361528 0.59470422
 1.00516272 0.65475596
 0.95279292 0.71030811
 0.89699551 0.76112633
 0.83826609 0.80703752
 0.77709783 0.84792727
 0.71397416 0.88373622
 0.64936244 0.91445554
 0.58370885 0.94012183
 0.51743434 0.96081169
 0.45093171 0.97663614
 0.38456366 0.98773509
 0.31866175 0.99427201
 0.25352612 0.99642895
 0.18942588 0.99440190
 0.12660005 0.98839663
 0.06525886 0.97862505
 0.00558539 0.96530193
-0.05226254 0.94864222
-0.10815043 0.92885875
-0.16196499 0.90616038
-0.21361214 0.88075047
-0.26301492 0.85282579
-0.31011156 0.82257565
-0.35485360 0.79018133
-0.39720415 0.75581575
-0.43713622 0.71964328
-0.47463122 0.68181979
-0.50967760 0.64249277
-0.54226957 0.60180156
-0.57240596 0.55987776
-0.60008921 0.51684555
-0.62532448 0.47282223
-0.64811885 0.42791870
-0.66848059 0.38223999
-0.68641859 0.33588580
-0.70194170 0.28895129
-0.71505814 0.24152915
-0.72578466 0.19368189
-0.73408937 0.14559559
-0.73991207 0.09763831
-0.74457047 0.04210554
-0.74696786 0.00000000
