 0.71121828 0.00000000
 0.70840277 0.02868839
 0.70238151 0.12618369
 0.69586275 0.17562980
 0.68380178 0.23331264
 0.66796959 0.29020398
 0.64838117 0.34649401
 0.62508338 0.40190509
 0.59809487 0.45621813
 0.56741400 0.50922873
 0.53303480 0.56072400
 0.49495160 0.61047864
 0.45316361 0.65825144
 0.40767876 0.70378329
 0.35851746 0.74679585
 0.30571659 0.78699066
 0.24933387 0.82404868
 0.18945258 0.85763043
 0.12618682 0.88737679
 0.05968707 0.91291060
-0.00985377 0.93383927
-0.08219423 0.94975858
-0.15703795 0.96025784
-0.23402761 0.96492662
-0.31273928 0.96336322
-0.39267778 0.95518489
-0.47327324 0.94004005
-0.55387975 0.91762212
-0.63377641 0.88768507
-0.71217158 0.85006001
-0.78821081 0.80467228
-0.86098899 0.75155835
-0.92956705 0.69088079
-0.99299181 0.62294305
-1.05032805 0.54818173
-1.10064764 0.46726141
-1.14322169 0.38049040
-1.17678057 0.29086038
-1.20127843 0.18697369
-1.20840464 0.11622557
-1.30394112 0.00000000
