 0.74602252 0.00000000
 0.74200538 0.03328600
 0.73531699 0.12898434
 0.72811548 0.18131049
 0.71513714 0.24110576
 0.69823389 0.29982969
 0.67737873 0.35780994
 0.65263691 0.41473924
 0.62403660 0.47038993
 0.59159180 0.52453910
 0.55531578 0.57695501
 0.51522583 0.62739400
 0.47134768 0.67559805
 0.42371907 0.72129357
 0.37239343 0.76419070
 0.31744361 0.80398308
 0.25896595 0.84034809
 0.19708468 0.87294774
 0.13195654 0.90143012
 0.06377569 0.92543185
-0.00722127 0.94458128
-0.08075025 0.95850296
-0.15647481 0.96682320
-0.23400177 0.96917702
-0.31287742 0.96521648
-0.39258491 0.95462038
-0.47254298 0.93710535
-0.55210664 0.91243813
-0.63057007 0.88044875
-0.70717233 0.84104414
-0.78110604 0.79422178
-0.85152937 0.74008242
-0.91758141 0.67884107
-0.97839979 0.61083653
-1.03314548 0.53652728
-1.08100164 0.45654335
-1.12129117 0.37134492
-1.15303877 0.28301016
-1.17608031 0.18501743
-1.18597171 0.10772245
-1.22802641 0.00000000
