 1.75883810 0.00000000
 1.76305197 0.09397520
 1.73151062 0.27499736
 1.68655810 0.39328206
 1.62831193 0.50753264
 1.55670663 0.61216204
 1.47591931 0.70344260
 1.38814507 0.78157528
 1.29605122 0.84640406
 1.20182714 0.89845778
 1.10735562 0.93855329
 1.01414104 0.96772155
 0.92334325 0.98709355
 0.83581162 0.99782320
 0.75213224 1.00103123
 0.67267535 0.99776927
 0.59764006 0.98899922
 0.52709374 0.97558401
 0.46100537 0.95828612
 0.39927283 0.93777114
 0.34174470 0.91461442
 0.28823728 0.88930917
 0.23854764 0.86227524
 0.19246338 0.83386777
 0.14976988 0.80438545
 0.11025547 0.77407804
 0.07371503 0.74315323
 0.03995245 0.71178273
 0.00878213 0.68010748
-0.01997011 0.64824236
-0.04646669 0.61628013
-0.07085822 0.58429484
-0.09328368 0.55234476
-0.11387083 0.52047489
-0.13273665 0.48871906
-0.14998788 0.45710173
-0.16572156 0.42563950
-0.18002562 0.39434245
-0.19297934 0.36321522
-0.20465392 0.33225798
-0.21511283 0.30146736
-0.22441214 0.27083740
-0.23260067 0.24036074
-0.23971967 0.21003109
-0.24580225 0.17984724
-0.25087382 0.14981047
-0.25491570 0.12012714
-0.25780442 0.09183158
-0.25978465 0.06209219
-0.26179712 0.01272725
-0.26213496 0.00000000
