 0.75807681 0.00000000
 0.75345847 0.03507812
 0.74651779 0.12994455
 0.73906356 0.18330014
 0.72575864 0.24380861
 0.70847659 0.30316117
 0.68717536 0.36171847
 0.66192625 0.41916397
 0.63276082 0.47526637
 0.59969893 0.52979609
 0.56276109 0.58251473
 0.52197320 0.63317238
 0.47737079 0.68150544
 0.42900256 0.72723573
 0.37693388 0.77006996
 0.32125049 0.80969975
 0.26206242 0.84580211
 0.19950819 0.87804048
 0.13375926 0.90606653
 0.06502458 0.92952268
-0.00644464 0.94804566
-0.08035041 0.96127096
-0.15634354 0.96883859
-0.23401980 0.97039998
-0.31291681 0.96562616
-0.39251199 0.95421724
-0.47222203 0.93591307
-0.55140410 0.91050484
-0.62935936 0.87784751
-0.70533893 0.83787243
-0.77855274 0.79059977
-0.84818142 0.73615006
-0.91339112 0.67475386
-0.97335045 0.60675993
-1.02725341 0.53263148
-1.07432028 0.45298935
-1.11389886 0.36832138
-1.14509312 0.28050227
-1.16772570 0.18407637
-1.17804774 0.10534527
-1.21260361 0.00000000
