 0.71894463 0.00000000
 0.71591978 0.02964749
 0.70975757 0.12680601
 0.70309291 0.17688111
 0.69083243 0.23503804
 0.67476616 0.29233781
 0.65490013 0.34900553
 0.63128536 0.40475675
 0.60394258 0.45937069
 0.57287348 0.51263895
 0.53807612 0.56434450
 0.49954968 0.61425798
 0.45729902 0.66213434
 0.41133842 0.70771112
 0.36169539 0.75070724
 0.30841462 0.79082219
 0.25156223 0.82773584
 0.19123051 0.86110867
 0.12754301 0.89058275
 0.06065999 0.91578354
-0.00921579 0.93632265
-0.08183311 0.95180183
-0.15688631 0.96181818
-0.23400958 0.96597106
-0.31277177 0.96387043
-0.39267215 0.95514714
-0.47313757 0.93946478
-0.55352147 0.91653333
-0.63310553 0.88612405
-0.71110415 0.84808552
-0.78667271 0.80235990
-0.85891960 0.74899887
-0.92692270 0.68817761
-0.98974862 0.62020832
-1.04648269 0.54553369
-1.09622097 0.46480899
-1.13823967 0.37838928
-1.17134573 0.28900445
-1.19542511 0.18666690
-1.20348159 0.11409269
-1.27944646 0.00000000
