 4.59072558 0.00000000
 4.57572677 0.15752688
 4.51310501 0.37314177
 4.45372208 0.49708523
 4.35045322 0.64555569
 4.24537655 0.75351650
 4.08686507 0.86782150
 3.93815717 0.93870051
 3.80349305 0.97944830
 3.67508758 0.99988606
 3.55565207 1.00380701
 3.40316326 0.98804356
 3.24359250 0.94498991
 3.11420550 0.88768691
 3.00992263 0.82391419
 2.90432634 0.73852069
 2.80881576 0.63634433
 2.72669272 0.51838493
 2.66750946 0.40066875
 2.62438619 0.27535906
 2.59427719 0.14329841
 2.57779733 0.00000000
