 1.39125822 0.00000000
 1.38911424 0.04210887
 1.38184340 0.11878588
 1.35900743 0.23348466
 1.32363949 0.34155773
 1.27568310 0.44456897
 1.21686627 0.53942842
 1.14880184 0.62494960
 1.07331665 0.70022647
 0.99222871 0.76480459
 0.90728047 0.81858489
 0.82007152 0.86176520
 0.73201874 0.89477381
 0.64433647 0.91820580
 0.55803318 0.93276550
 0.47392011 0.93921765
 0.39262780 0.93834805
 0.31462706 0.93093360
 0.24025155 0.91772073
 0.16972027 0.89941088
 0.10315866 0.87665181
 0.04061757 0.85003324
-0.01791015 0.82008581
-0.07247545 0.78728230
-0.12316127 0.75204043
-0.17007276 0.71472658
-0.21332945 0.67566004
-0.25305889 0.63511739
-0.28939167 0.59333690
-0.32245749 0.55052274
-0.35238203 0.50684888
-0.37928424 0.46246272
-0.40327385 0.41748844
-0.42444848 0.37203051
-0.44289009 0.32617797
-0.45866282 0.28001269
-0.47182052 0.23361586
-0.48237196 0.18707828
-0.49034887 0.14049604
-0.49717821 0.08182862
-0.50089353 0.03043323
-0.50349794 0.00000000
