 4.03938649 0.00000000
 4.02123945 0.17583975
 3.96808808 0.36072886
 3.90657841 0.49152862
 3.83536867 0.60141312
 3.75982352 0.69113260
 3.63903566 0.79922047
 3.51254565 0.88118618
 3.38531579 0.93946060
 3.22716972 0.98459078
 3.07483660 1.00280660
 2.93184991 0.99847916
 2.74261199 0.96055575
 2.61162138 0.91043330
 2.46710913 0.82786031
 2.34054236 0.72420973
 2.25592445 0.63136087
 2.18043349 0.52332978
 2.13096696 0.43017704
 2.08919946 0.32362795
 2.05503206 0.19968803
 2.02984039 0.00000000
