 0.71740037 0.00000000
 0.71441958 0.02945340
 0.70828581 0.12668155
 0.70165055 0.17663051
 0.68943017 0.23469285
 0.67341089 0.29191104
 0.65360055 0.34850337
 0.63004934 0.40418673
 0.60277757 0.45874070
 0.57178626 0.51195769
 0.53707267 0.56362149
 0.49863497 0.61350355
 0.45647689 0.66135959
 0.41061144 0.70692781
 0.36106469 0.74992767
 0.30787975 0.79005907
 0.25112106 0.82700206
 0.19087911 0.86041712
 0.12727554 0.88994607
 0.06046868 0.91521382
-0.00934069 0.93583112
-0.08190328 0.95139849
-0.15691527 0.96151147
-0.23401253 0.96576743
-0.31276532 0.96377399
-0.39267398 0.95515927
-0.47316597 0.93958384
-0.55359484 0.91675434
-0.63324167 0.88643863
-0.71131964 0.84848179
-0.78698210 0.80282269
-0.85933471 0.74950997
-0.92745191 0.68871636
-0.99039629 0.62075235
-1.04724900 0.54605948
-1.09710116 0.46529476
-1.13922739 0.37880468
-1.17242002 0.28936800
-1.19657411 0.18673496
-1.20446671 0.11450735
-1.28376712 0.00000000
