 5.48177127 0.00000000
 5.43648484 0.27698109
 5.39439457 0.39360079
 5.33639764 0.50878073
 5.26098460 0.61949111
 5.16832763 0.72275375
 5.06912451 0.80699595
 4.96731378 0.87334509
 4.85105393 0.93008072
 4.72687402 0.97174700
 4.59680586 0.99695668
 4.44945924 1.00468126
 4.29792545 0.99012150
 4.14945756 0.95203129
 3.99581691 0.88507669
 3.88983300 0.81892763
 3.77742181 0.72518841
 3.65279365 0.57887679
 3.58923981 0.47404627
 3.53200461 0.33343322
 3.48490794 0.13920048
 3.47240793 0.09386570
 3.46404505 0.07438351
 3.44674111 0.04284474
 3.43319195 0.00000000
