 4.24363386 0.00000000
 4.21607925 0.21791846
 4.17052803 0.36433974
 4.11364706 0.48585976
 4.05242563 0.58321436
 3.95364910 0.70163677
 3.85224662 0.79219045
 3.69801156 0.89105840
 3.54515044 0.95504648
 3.39973925 0.99040140
 3.22973183 1.00388439
 3.07624119 0.99088184
 2.94055168 0.95895666
 2.77236285 0.88947401
 2.66296424 0.82262011
 2.54839805 0.72859763
 2.45300354 0.62330287
 2.39146251 0.53554421
 2.32095324 0.39909063
 2.27592614 0.26702280
 2.25062462 0.15880014
 2.23297350 0.00000000
