 4.88373369 0.00000000
 4.87043858 0.14636654
 4.82954942 0.30919075
 4.75275463 0.48542001
 4.69014280 0.58523123
 4.60453869 0.68923249
 4.49333775 0.79072097
 4.39367346 0.85974003
 4.27289922 0.92188730
 4.13174478 0.97079767
 3.95444297 1.00131720
 3.80737045 1.00219722
 3.67791103 0.98490674
 3.56592771 0.95563639
 3.43360826 0.90182796
 3.30629349 0.82696294
 3.17358158 0.71680587
 3.06881826 0.59449361
 3.00893683 0.50126934
 2.94231981 0.35562106
 2.90000320 0.20612467
 2.86919272 0.00000000
