 1.74958326 0.00000000
 1.75359805 0.09403783
 1.72274605 0.27225408
 1.67862067 0.38980115
 1.62130125 0.50341831
 1.55081179 0.60758182
 1.47114578 0.69871446
 1.38445438 0.77695327
 1.29334165 0.84210987
 1.19996095 0.89466405
 1.10617458 0.93538347
 1.01348108 0.96525305
 0.92304506 0.98536392
 0.83572774 0.99683744
 0.75213131 1.00076920
 0.67264396 0.99819242
 0.59748304 0.99005644
 0.52673336 0.97721636
 0.46037990 0.96043053
 0.39833479 0.94036326
 0.34045902 0.91759065
 0.28657950 0.89260809
 0.23650218 0.86583857
 0.19002209 0.83764094
 0.14693063 0.80831788
 0.10702105 0.77812327
 0.07009211 0.74726885
 0.03595080 0.71593025
 0.00441389 0.68425214
-0.02469100 0.65235288
-0.05152493 0.62032846
-0.07623755 0.58825591
-0.09896718 0.55619620
-0.11984117 0.52419681
-0.13897627 0.49229380
-0.15647914 0.46051365
-0.17244686 0.42887479
-0.18696747 0.39738892
-0.20012044 0.36606215
-0.21197719 0.33489597
-0.22260143 0.30388817
-0.23204952 0.27303379
-0.24037056 0.24232631
-0.24760614 0.21176005
-0.25378966 0.18133414
-0.25894687 0.15104949
-0.26306002 0.12110503
-0.26600468 0.09252436
-0.26802324 0.06252245
-0.27007252 0.01305297
-0.27042544 0.00000000
