 6.87826806 0.00000000
 6.87111754 0.09998710
 6.83928868 0.25372868
 6.76047646 0.45417260
 6.67184003 0.59856361
 6.56390193 0.72173829
 6.44646187 0.81964754
 6.27546992 0.91775290
 6.13632858 0.96832305
 5.96818665 1.00074252
 5.78064173 1.00254008
 5.62217820 0.97661286
 5.48852491 0.93321538
 5.37705963 0.87996761
 5.25692052 0.80152878
 5.17258796 0.72977749
 5.06476810 0.61038519
 4.96512508 0.43477055
 4.92451853 0.29299943
 4.90992407 0.21240723
 4.89468672 0.15714113
 4.88230882 0.12930041
 4.87303601 0.11388011
 4.85735578 0.09338553
 4.83401114 0.06856788
 4.79460057 0.01425445
 4.79241667 0.00000000
