 0.70873881 0.00000000
 0.70598494 0.02838663
 0.70000824 0.12598428
 0.69353563 0.17522962
 0.68153807 0.23275989
 0.66578043 0.28952005
 0.64628052 0.34568864
 0.62308387 0.40099022
 0.59620844 0.45520624
 0.56565159 0.50813355
 0.53140605 0.55956058
 0.49346462 0.60926335
 0.45182476 0.65700187
 0.40649238 0.70251813
 0.35748564 0.74553471
 0.30483897 0.78575380
 0.24860739 0.82285677
 0.18887132 0.85650422
 0.12574183 0.88633668
 0.05936627 0.91197621
-0.01006566 0.93302895
-0.08231563 0.94908882
-0.15709033 0.95974269
-0.23403520 0.96457706
-0.31272875 0.96318650
-0.39267765 0.95518398
-0.47331322 0.94021302
-0.55398986 0.91796175
-0.63398601 0.88817854
-0.71250821 0.85068883
-0.78869901 0.80541248
-0.86164910 0.75238099
-0.93041415 0.69175272
-0.99403484 0.62382825
-1.05156968 0.54904201
-1.10208318 0.46806190
-1.14484674 0.38117904
-1.17856410 0.29147913
-1.20322793 0.18705377
-1.20998311 0.11693819
-1.31367237 0.00000000
