 5.74318852 0.00000000
 5.73047770 0.14081094
 5.67001738 0.35713601
 5.60458938 0.49642942
 5.51357325 0.63004772
 5.40126016 0.74878959
 5.26941362 0.84881501
 5.13629135 0.91977115
 5.00811830 0.96631760
 4.87031248 0.99555503
 4.73270525 1.00510866
 4.59824497 0.99631653
 4.45653398 0.96690092
 4.32162405 0.91754938
 4.19868322 0.85152759
 4.08029218 0.76418185
 4.00366862 0.69057294
 3.92565047 0.59674160
 3.85223129 0.48041333
 3.79135728 0.32319850
 3.75137811 0.15320290
 3.72517096 0.08065162
 3.71520591 0.06178422
 3.69506643 0.02498683
 3.68920360 0.00159755
 3.68918421 0.00000000
