 6.79211446 0.00000000
 6.78639476 0.08939443
 6.75904870 0.23175702
 6.69070934 0.42028200
 6.61394297 0.55814616
 6.51949410 0.67869672
 6.41454236 0.77809150
 6.25833868 0.88344009
 6.12790477 0.94284546
 5.96627187 0.98824806
 5.78045681 1.00594004
 5.61874057 0.99337491
 5.47874481 0.96048164
 5.35952619 0.91461687
 5.22821685 0.84209419
 5.13466323 0.77254155
 5.03718843 0.68003913
 4.95756113 0.58087082
 4.89769839 0.47757024
 4.85468792 0.36094125
 4.83155004 0.25803572
 4.81858252 0.19380599
 4.80246927 0.14532320
 4.78703416 0.11634307
 4.76075484 0.08236757
 4.72715170 0.04451441
 4.70916397 0.00000000
