 0.69288564 0.00000000
 0.69047198 0.02651589
 0.68477149 0.12471506
 0.67858611 0.17268739
 0.66698565 0.22923840
 0.65169640 0.28515845
 0.63275380 0.34054765
 0.61019486 0.39514463
 0.58403339 0.44873400
 0.55426037 0.50112045
 0.52086078 0.55210071
 0.48381813 0.60145916
 0.44311903 0.64896375
 0.39875702 0.69436364
 0.35073640 0.73738752
 0.29907624 0.77774234
 0.24381481 0.81511251
 0.18501450 0.84915967
 0.12276721 0.87952300
 0.05720031 0.90582043
-0.01151703 0.92765080
-0.08316701 0.94459724
-0.15747627 0.95623200
-0.23410895 0.96212292
-0.31266010 0.96184178
-0.39264985 0.95497470
-0.47351887 0.94113466
-0.55462577 0.91997618
-0.63524708 0.89121184
-0.71458058 0.85463048
-0.79175287 0.81011621
-0.86583158 0.75766760
-0.93584349 0.69741498
-1.00079623 0.62963917
-1.05971920 0.55475870
-1.11164355 0.47346812
-1.15589682 0.38591561
-1.19096635 0.29595100
-1.21756165 0.18731712
-1.21971537 0.12129934
-1.41921275 0.00000000
