 6.05036498 0.00000000
 6.02535080 0.19971529
 5.96600616 0.38447524
 5.89132528 0.52994251
 5.81407794 0.63821607
 5.66862090 0.78217846
 5.56036933 0.85879685
 5.44464194 0.91935416
 5.32416916 0.96364951
 5.16037021 0.99801753
 5.01557837 1.00519011
 4.87270060 0.99167348
 4.74162200 0.96079643
 4.62360171 0.91591811
 4.50885272 0.85426666
 4.40760081 0.78182944
 4.32119634 0.70286524
 4.23472455 0.60241352
 4.15221468 0.46722511
 4.10104000 0.31916150
 4.07464238 0.20455784
 4.05539624 0.14835865
 4.03101445 0.09787623
 4.00537815 0.05149617
 3.99265563 0.02220485
 3.98939832 0.00000000
