 0.80189288 0.00000000
 0.79423246 0.04269838
 0.78638522 0.13336181
 0.77792322 0.19064283
 0.76340876 0.25364616
 0.74472151 0.31525982
 0.72177259 0.37587921
 0.69465267 0.43516124
 0.66340698 0.49285768
 0.62807909 0.54871340
 0.58871862 0.60246569
 0.54538552 0.65384238
 0.49815370 0.70256105
 0.44711401 0.74832879
 0.39237731 0.79084253
 0.33407770 0.82978974
 0.27237582 0.86484965
 0.20746227 0.89569503
 0.13956116 0.92199467
 0.06893356 0.94341649
-0.00411917 0.95963157
-0.07925234 0.97031889
-0.15607531 0.97517111
-0.23414955 0.97390110
-0.31298761 0.96624941
-0.39205308 0.95199253
-0.47076204 0.93095178
-0.54848603 0.90300258
-0.62455682 0.86808399
-0.69827324 0.82620792
-0.76890995 0.77746781
-0.83572845 0.72204612
-0.89798993 0.66022016
-0.95496947 0.59236622
-1.00597346 0.51895626
-1.05034460 0.44058062
-1.08752140 0.35777823
-1.11683541 0.27191281
-1.13804731 0.18011263
-1.14904360 0.09829450
-1.16918730 0.00000000
