 6.34201058 0.00000000
 6.29700685 0.27205807
 6.23867853 0.42541497
 6.16399098 0.55812525
 6.07932136 0.66802498
 6.00130398 0.74665874
 5.89345252 0.83136858
 5.75200550 0.91191023
 5.60967395 0.96549519
 5.46852099 0.99571822
 5.33249272 1.00577986
 5.16253558 0.99182052
 5.02522248 0.95873221
 4.90014464 0.90980132
 4.79400245 0.85133061
 4.70452610 0.78740369
 4.62191707 0.71385233
 4.54542797 0.62980383
 4.45702413 0.49565069
 4.40121939 0.35056512
 4.37098234 0.21771871
 4.35437056 0.16403772
 4.33326153 0.11824272
 4.30946347 0.08022356
 4.27298117 0.00000000
