 4.76816398 0.00000000
 4.75792367 0.12823115
 4.72448979 0.27597076
 4.66146366 0.43849052
 4.58071439 0.57670553
 4.44421991 0.73374263
 4.35750885 0.80632404
 4.25004645 0.87602391
 4.12054312 0.93684170
 3.95211853 0.98559134
 3.80723343 1.00324130
 3.67555146 1.00081359
 3.55835996 0.98397319
 3.41571185 0.94344532
 3.27415093 0.87858450
 3.16472792 0.80810229
 3.08009788 0.73764398
 2.99724589 0.65039144
 2.92463863 0.55236980
 2.86433128 0.44495916
 2.82212003 0.34190889
 2.79060465 0.23237383
 2.76618367 0.11235863
 2.75427320 0.00000000
