 0.97732608 0.00000000
 0.97207360 0.07622919
 0.96322755 0.15268523
 0.94867382 0.22780174
 0.92828766 0.30170618
 0.90229165 0.37384483
 0.87080109 0.44381964
 0.83399275 0.51121540
 0.79206687 0.57563376
 0.74525416 0.63668984
 0.69381360 0.69401522
 0.63803180 0.74725978
 0.57822193 0.79609383
 0.51472247 0.84021015
 0.44789590 0.87932595
 0.37812714 0.91318489
 0.30582186 0.94155896
 0.23140458 0.96425033
 0.15531658 0.98109310
 0.07801368 0.99195491
-0.00003625 0.99673846
-0.07835589 0.99538283
-0.15646130 0.98786459
-0.23386488 0.97419878
-0.31007846 0.95443958
-0.38461659 0.92868070
-0.45699982 0.89705561
-0.52675818 0.85973729
-0.59343461 0.81693779
-0.65658846 0.76890744
-0.71579892 0.71593361
-0.77066842 0.65833925
-0.82082592 0.59648104
-0.86593000 0.53074713
-0.90567182 0.46155456
-0.93977790 0.38934695
-0.96801203 0.31458850
-0.99018060 0.23777416
-1.00611502 0.15936426
-1.01570705 0.08002774
-1.01972318 0.00000000
