 0.89409743 0.00000000
 0.88224405 0.06257551
 0.87389165 0.14142442
 0.86255382 0.20818223
 0.84524572 0.27645762
 0.82317494 0.34317223
 0.79628000 0.40836638
 0.76467976 0.47167196
 0.72847227 0.53277700
 0.68777470 0.59136340
 0.64272259 0.64711350
 0.59347182 0.69971021
 0.54020020 0.74883800
 0.48310891 0.79418415
 0.42242392 0.83544035
 0.35839739 0.87230462
 0.29130892 0.90448354
 0.22146667 0.93169488
 0.14920820 0.95367063
 0.07490111 0.97016034
-0.00105686 0.98093476
-0.07823802 0.98578994
-0.15618556 0.98455141
-0.23441502 0.97707862
-0.31241637 0.96326956
-0.38965689 0.94306522
-0.46558488 0.91645403
-0.53963410 0.88347598
-0.61122919 0.84422633
-0.67979172 0.79885871
-0.74474703 0.74758743
-0.80553178 0.69068894
-0.86160183 0.62850210
-0.91244043 0.56142745
-0.95756695 0.48992390
-0.99654264 0.41451211
-1.02898614 0.33572616
-1.05454085 0.25434118
-1.07292042 0.17006119
-1.08359905 0.08743563
-1.09244749 0.00000000
