 4.77353768 0.00000000
 4.76316995 0.12903010
 4.72941977 0.27745228
 4.66581375 0.44059673
 4.58431716 0.57922690
 4.44672173 0.73641996
 4.35941826 0.80889248
 4.25132289 0.87830897
 4.12123380 0.93863847
 3.95231595 0.98659994
 3.80724484 1.00348753
 3.67559051 1.00035665
 3.55857920 0.98290995
 3.41635280 0.94170502
 3.27542215 0.87630284
 3.16663685 0.80553383
 3.08259676 0.73496915
 3.00039256 0.64775084
 2.92841696 0.54992270
 2.86869462 0.44287066
 2.82692011 0.34026044
 2.79568848 0.23115208
 2.77140754 0.11146209
 2.75962186 0.00000000
