 5.93173276 0.00000000
 5.91231566 0.17499967
 5.86359181 0.34393680
 5.80246195 0.47879931
 5.73912066 0.58124601
 5.61651571 0.72352058
 5.47219409 0.83958625
 5.31048938 0.92601940
 5.15635697 0.97701095
 5.01527935 1.00084694
 4.87125223 1.00409623
 4.73477642 0.98818420
 4.60796491 0.95581936
 4.48102057 0.90430985
 4.36594759 0.83821705
 4.26566957 0.76184074
 4.18095816 0.67927276
 4.11243815 0.59642838
 4.05203639 0.50227559
 4.00442907 0.39650813
 3.95984640 0.22537158
 3.93301663 0.13595347
 3.91606424 0.09863117
 3.88291709 0.03551913
 3.87356252 0.00217616
 3.87363911 0.00000000
