 0.70061082 0.00000000
 0.69804225 0.02741572
 0.69220935 0.12533213
 0.68588576 0.17392266
 0.67409374 0.23095164
 0.65857822 0.28728140
 0.63936615 0.34305110
 0.61649863 0.39799252
 0.58999149 0.45188879
 0.55983875 0.50454081
 0.52602907 0.55574131
 0.48855038 0.60527061
 0.44739448 0.65289276
 0.40256081 0.69835340
 0.35406032 0.74137817
 0.30191944 0.78167161
 0.24618452 0.81891653
 0.18692665 0.85277391
 0.12424703 0.88288340
 0.05828274 0.90886475
-0.01078702 0.93032012
-0.08273438 0.94683766
-0.15727612 0.95799649
-0.23406706 0.96337327
-0.31269392 0.96255066
-0.39266989 0.95512762
-0.47343064 0.94073186
-0.55433219 0.91903414
-0.63465133 0.88976444
-0.71358937 0.85272946
-0.79027975 0.80783087
-0.86380025 0.75508345
-0.93319033 0.69463150
-0.99747178 0.62676568
-1.05568492 0.55191278
-1.10687292 0.47075283
-1.15031980 0.38351203
-1.18463206 0.29362584
-1.21003464 0.18724963
-1.21513613 0.11930782
-1.35560008 0.00000000
