 0.78632442 0.00000000
 0.77987554 0.03978537
 0.77233105 0.13215753
 0.76424551 0.18800668
 0.75016454 0.25013950
 0.73198263 0.31095176
 0.70962513 0.37084284
 0.68317634 0.42947764
 0.65267631 0.48661474
 0.61815967 0.54200828
 0.57966515 0.59540425
 0.53724008 0.64653829
 0.49094419 0.69513439
 0.44085289 0.74090453
 0.38706052 0.78354864
 0.32968368 0.82275508
 0.26886486 0.85820162
 0.20477612 0.88955701
 0.13762297 0.91648317
 0.06764828 0.93863821
-0.00486395 0.95568026
-0.07958493 0.96727222
-0.15613789 0.97308752
-0.23409551 0.97281687
-0.31297810 0.96617602
-0.39225300 0.95291451
-0.47133533 0.93282518
-0.54959044 0.90575433
-0.62633833 0.87161223
-0.70086023 0.83038353
-0.77240756 0.78213719
-0.84021321 0.72703530
-0.90350520 0.66534018
-0.96152183 0.59741975
-1.01353094 0.52374420
-1.05883382 0.44491450
-1.09683718 0.36145787
-1.12680070 0.27488972
-1.14850712 0.18159114
-1.15937380 0.10056895
-1.18323110 0.00000000
