 1.88811425 0.00000000
 1.89563816 0.08967351
 1.85262512 0.31696939
 1.79446521 0.44485020
 1.72219210 0.56716788
 1.63357044 0.67749113
 1.53628323 0.76941458
 1.43305732 0.84444762
 1.32747105 0.90308293
 1.22213661 0.94670824
 1.11910408 0.97694026
 1.01983153 0.99550663
 0.92529424 1.00410211
 0.83607820 1.00430956
 0.75247233 0.99755624
 0.67454681 0.98509729
 0.60221717 0.96801596
 0.53529438 0.94723379
 0.47352279 0.92352604
 0.41660825 0.89753887
 0.36423832 0.86980671
 0.31609650 0.84076856
 0.27187188 0.81078265
 0.23126553 0.78013947
 0.19399442 0.74907295
 0.15979356 0.71777005
 0.12841705 0.68637882
 0.09963817 0.65501522
 0.07324899 0.62376882
 0.04905962 0.59270747
 0.02689717 0.56188124
 0.00660476 0.53132569
-0.01195972 0.50106450
-0.02892463 0.47111171
-0.04440574 0.44147349
-0.05850719 0.41214972
-0.07132249 0.38313516
-0.08293533 0.35442051
-0.09342039 0.32599333
-0.10284399 0.29783879
-0.11126462 0.26994053
-0.11873340 0.24228161
-0.12529419 0.21484606
-0.13098345 0.18762206
-0.13582995 0.16060639
-0.13985436 0.13380910
-0.14302869 0.10753898
-0.14524865 0.08294291
-0.14677934 0.05665627
-0.14834106 0.00883765
-0.14851857 0.00000000
