 0.75044395 0.00000000
 0.74621884 0.03392947
 0.73943908 0.12933754
 0.73214591 0.18203914
 0.71904819 0.24209734
 0.70200636 0.30105229
 0.68098792 0.35924478
 0.65606034 0.41636406
 0.62725304 0.47218117
 0.59458214 0.52647077
 0.55806352 0.57899870
 0.51771761 0.62951899
 0.47357367 0.67777155
 0.42567346 0.72348108
 0.37407474 0.76635643
 0.31885507 0.80609046
 0.26011581 0.84236036
 0.19798642 0.87482861
 0.13262904 0.90314455
 0.06424329 0.92694687
-0.00692883 0.94586693
-0.08059808 0.95953325
-0.15642329 0.96757712
-0.23400712 0.96963954
-0.31289260 0.96537953
-0.39256067 0.95448371
-0.47242922 0.93667726
-0.55185395 0.91173598
-0.63013153 0.87949910
-0.70650536 0.83988264
-0.78017439 0.79289254
-0.85030502 0.73863696
-0.91604631 0.67733676
-0.97654734 0.60933452
-1.03098127 0.53509058
-1.07854506 0.45523154
-1.11857065 0.37022871
-1.15011286 0.28208106
-1.17300309 0.18468340
-1.18307134 0.10682256
-1.22206664 0.00000000
