 7.14508035 0.00000000
 7.13155734 0.13944194
 7.10199745 0.26817632
 7.04677262 0.41474631
 6.95821056 0.57054002
 6.87131228 0.68026235
 6.77281216 0.77386007
 6.66702726 0.85060048
 6.56374457 0.90790238
 6.44101745 0.95697595
 6.29971311 0.99182933
 6.14345565 1.00623308
 5.96994722 0.99337137
 5.79383986 0.94813202
 5.65772212 0.88797075
 5.55087897 0.82176739
 5.46642495 0.75514447
 5.38479128 0.67496954
 5.31584865 0.58914530
 5.25696979 0.49121117
 5.21247286 0.38160846
 5.18354772 0.24965409
 5.17266523 0.18312846
 5.16402508 0.15379065
 5.15316516 0.12904406
 5.14096483 0.10905731
 5.12249663 0.08727074
 5.10189129 0.06915217
 5.04922838 0.00000000
