 1.02994807 0.00000000
 1.02829001 0.06463852
 1.02201595 0.12918518
 1.01157645 0.19304425
 0.99702726 0.25610166
 0.97843972 0.31804708
 0.95589900 0.37862554
 0.92951050 0.43757711
 0.89939625 0.49465350
 0.86569516 0.54961559
 0.82856176 0.60223546
 0.78816536 0.65229730
 0.74468892 0.69959837
 0.69832802 0.74394990
 0.64928957 0.78517785
 0.59779071 0.82312355
 0.54405749 0.85764424
 0.48832365 0.88861348
 0.43082933 0.91592152
 0.37181982 0.93947545
 0.31154430 0.95919934
 0.25025460 0.97503423
 0.18820403 0.98693807
 0.12564619 0.99488549
 0.06283387 0.99886761
 0.00001798 0.99889167
-0.06255345 0.99498064
-0.12463626 0.98717278
-0.18599101 0.97552111
-0.24638384 0.96009289
-0.30558723 0.94096899
-0.36338072 0.91824331
-0.41955153 0.89202215
-0.47389520 0.86242350
-0.52621604 0.82957640
-0.57632767 0.79362029
-0.62405343 0.75470427
-0.66922672 0.71298647
-0.71169135 0.66863335
-0.75130182 0.62181908
-0.78792358 0.57272479
-0.82143319 0.52153804
-0.85171854 0.46845209
-0.87867903 0.41366531
-0.90222546 0.35738074
-0.92228108 0.29980447
-0.93877763 0.24115037
-0.95167180 0.18161339
-0.96088512 0.12149088
-0.96651982 0.06063659
-0.96929888 0.00000000
