 1.93693501 0.00000000
 1.94591008 0.08583026
 1.89756396 0.33478964
 1.83354618 0.46575027
 1.75550367 0.59061163
 1.65976999 0.70260373
 1.55592929 0.79399571
 1.44682366 0.86703160
 1.33636864 0.92255203
 1.22727554 0.96234932
 1.12158510 0.98838515
 1.02066862 1.00266186
 0.92537360 1.00707670
 0.83614323 1.00335111
 0.75312518 0.99299892
 0.67625952 0.97732206
 0.60534735 0.95742163
 0.54010229 0.93421706
 0.48018793 0.90846832
 0.42524444 0.88079830
 0.37490687 0.85171382
 0.32881742 0.82162442
 0.28663320 0.79085883
 0.24803095 0.75967900
 0.21270943 0.72829199
 0.18039048 0.69685990
 0.15081885 0.66550811
 0.12376160 0.63433210
 0.09900697 0.60340306
 0.07636303 0.57277248
 0.05565630 0.54247595
 0.03673029 0.51253619
 0.01944409 0.48296562
 0.00367102 0.45376836
-0.01070260 0.42494193
-0.02377862 0.39647860
-0.03564813 0.36836654
-0.04639235 0.34059072
-0.05608352 0.31313371
-0.06478556 0.28597649
-0.07255466 0.25909914
-0.07943972 0.23248190
-0.08548259 0.20610677
-0.09071785 0.17996095
-0.09517272 0.15404135
-0.09886633 0.12836253
-0.10176882 0.10326889
-0.10378482 0.07993196
-0.10518242 0.05484322
-0.10660468 0.00766488
-0.10674164 0.00000000
