 5.11780326 0.00000000
 5.09584428 0.18967953
 5.05916013 0.32171334
 5.00165499 0.45689427
 4.92010847 0.59037422
 4.82854859 0.69956383
 4.70879859 0.80478290
 4.56189501 0.89621440
 4.43681318 0.94924103
 4.29399215 0.98715010
 4.13773967 1.00428171
 3.95579656 0.99302843
 3.81594002 0.96103227
 3.70031382 0.91775457
 3.60562269 0.86911154
 3.49933642 0.79767049
 3.40260343 0.71268730
 3.30732765 0.60184936
 3.24256730 0.50186294
 3.19172137 0.39702277
 3.15448805 0.28842388
 3.12313779 0.15618472
 3.10163808 0.00000000
