 0.79425559 0.00000000
 0.78720175 0.04124163
 0.77949778 0.13277145
 0.77122336 0.18934438
 0.75692214 0.25192240
 0.73848387 0.31314273
 0.71582621 0.37340502
 0.68903678 0.43236989
 0.65815820 0.48979259
 0.62322958 0.54542256
 0.58429510 0.59900135
 0.54140845 0.65026064
 0.49463650 0.69892110
 0.44406246 0.74469217
 0.38978902 0.78727219
 0.33194164 0.82634898
 0.27067203 0.86160098
 0.20616169 0.89269886
 0.13862562 0.91930794
 0.06831597 0.94109123
-0.00447433 0.95771334
-0.07940832 0.96884527
-0.15610205 0.97417018
-0.23412235 0.97339000
-0.31298543 0.96623311
-0.39215656 0.95246279
-0.47105122 0.93188644
-0.54903774 0.90436530
-0.62544200 0.86982442
-0.69955412 0.82826253
-0.77063732 0.77976125
-0.83793907 0.72449325
-0.90070435 0.66272869
-0.95819034 0.59483993
-1.00968469 0.52129824
-1.05451002 0.44269915
-1.09208934 0.35957654
-1.12171998 0.27336542
-1.14317317 0.18084565
-1.15411692 0.09938429
-1.17595336 0.00000000
