 5.06934671 0.00000000
 5.04950050 0.17995139
 5.01571178 0.30705496
 4.96286016 0.43762556
 4.88768871 0.56766319
 4.80278564 0.67545081
 4.69052628 0.78135289
 4.55109332 0.87609828
 4.43091893 0.93343768
 4.29185707 0.97724978
 4.13758143 1.00161956
 3.95499793 0.99915898
 3.81244547 0.97353969
 3.69308252 0.93498392
 3.59428380 0.88957709
 3.48231975 0.82074168
 3.37930660 0.73681640
 3.27679133 0.62512862
 3.20647243 0.52283955
 3.15074567 0.41433191
 3.10986830 0.30133083
 3.07676216 0.16609264
 3.05353731 0.00000000
