 0.77713869 0.00000000
 0.77134639 0.03817278
 0.76399550 0.13144334
 0.75612190 0.18646791
 0.74229471 0.24807960
 0.72440742 0.30841880
 0.70239528 0.36787861
 0.67633855 0.42612943
 0.64627441 0.48293342
 0.61223251 0.53805008
 0.57424546 0.59123051
 0.53235340 0.64221498
 0.48660802 0.69073145
 0.43707587 0.73649492
 0.38384171 0.77920736
 0.32701202 0.81855795
 0.26671866 0.85422395
 0.20312278 0.88587210
 0.13641889 0.91316069
 0.06683895 0.93574243
-0.00534350 0.95326820
-0.07980941 0.96539173
-0.15619063 0.97177539
-0.23406692 0.97209700
-0.31296377 0.96605773
-0.39235131 0.95339113
-0.47164470 0.93387303
-0.55020618 0.90733214
-0.62734925 0.87366120
-0.70234510 0.83282811
-0.77443155 0.78488662
-0.84282455 0.72998600
-0.90673228 0.66837891
-0.96537083 0.60042765
-1.01798456 0.52660072
-1.06384935 0.44750538
-1.10235284 0.36365909
-1.13270811 0.27668004
-1.15471143 0.18243198
-1.16545403 0.10201813
-1.19207931 0.00000000
