 6.88634706 0.00000000
 6.87904871 0.10103245
 6.84676856 0.25586053
 6.76688988 0.45744631
 6.67705872 0.60242482
 6.56779899 0.72577527
 6.44916523 0.82345703
 6.27681060 0.92075599
 6.13691398 0.97041409
 5.96826881 1.00155032
 5.78070129 1.00184681
 5.62265638 0.97470413
 5.48967539 0.93039162
 5.37897976 0.87652801
 5.25990176 0.79763154
 5.17641093 0.72574123
 5.10311829 0.64825508
 5.01190629 0.51666840
 4.95585908 0.38607454
 4.93229461 0.29151948
 4.91772368 0.21077892
 4.90188121 0.15446067
 4.88862798 0.12584912
 4.87059032 0.09943016
 4.83807832 0.06453237
 4.80185631 0.01223104
 4.80021935 0.00000000
