 1.07636284 0.00000000
 1.07613229 0.04167980
 1.07415926 0.08420151
 1.06375481 0.16904936
 1.04589711 0.25179680
 1.02108917 0.33272685
 0.98959611 0.41107351
 0.95169614 0.48629384
 0.90773349 0.55783614
 0.85809683 0.62520117
 0.80321848 0.68793401
 0.74356646 0.74563049
 0.67963830 0.79793912
 0.61195421 0.84456277
 0.54105048 0.88525926
 0.46747307 0.91984114
 0.39177161 0.94817461
 0.31449376 0.97017781
 0.23618016 0.98581845
 0.15735992 0.99511108
 0.07854673 0.99811387
 0.00023552 0.99492523
-0.07710022 0.98568027
-0.15301053 0.97054718
-0.22707065 0.94972362
-0.29888207 0.92343331
-0.36807318 0.89192261
-0.43429961 0.85545742
-0.49724410 0.81432031
-0.55661627 0.76880776
-0.61215201 0.71922789
-0.66361282 0.66589825
-0.71078502 0.60914400
-0.75347885 0.54929630
-0.79152749 0.48669099
-0.82478626 0.42166763
-0.85313345 0.35456594
-0.87645330 0.28574817
-0.89473250 0.21543999
-0.90760372 0.14465660
-0.91575735 0.07070413
-0.92192863 0.00000000
