 1.16364877 0.00000000
 1.16267510 0.02493221
 1.16150447 0.04880693
 1.15746912 0.09406211
 1.14360997 0.18386098
 1.12177387 0.27304666
 1.09193519 0.35955897
 1.05437457 0.44252098
 1.00957944 0.52111191
 0.95813355 0.59465171
 0.90069600 0.66255832
 0.83797513 0.72435372
 0.77071017 0.77966323
 0.69965399 0.82821386
 0.62555786 0.86983010
 0.54915811 0.90442751
 0.47116485 0.93200477
 0.39225302 0.95263447
 0.31305548 0.96645343
 0.23415833 0.97365274
 0.15609801 0.97446807
 0.07936009 0.96917043
 0.00437947 0.95805771
-0.06845831 0.94144693
-0.13881485 0.91966755
-0.20639609 0.89305567
-0.27094893 0.86194916
-0.33225775 0.82668366
-0.39014071 0.78758952
-0.44444607 0.74498933
-0.49504865 0.69919625
-0.54184649 0.65051287
-0.58475774 0.59923057
-0.62371803 0.54562933
-0.65867866 0.48997775
-0.68960639 0.43253303
-0.71648733 0.37353885
-0.73933934 0.31321521
-0.75823804 0.25174241
-0.77351614 0.18877682
-0.78533603 0.12561990
-0.79157079 0.08116505
-0.79417236 0.05254287
-0.79586586 0.01820835
-0.79727965 0.00000000
