 1.09431015 0.00000000
 1.09246284 0.04421937
 1.08918892 0.08713846
 1.07744949 0.17131122
 1.05864666 0.25533838
 1.03283569 0.33709778
 1.00011295 0.41611460
 0.96081932 0.49172859
 0.91534477 0.56337253
 0.86413720 0.63052524
 0.80768856 0.69272450
 0.74652695 0.74956941
 0.68120773 0.80072266
 0.61230494 0.84591129
 0.54040298 0.88492615
 0.46608893 0.91762033
 0.38994541 0.94390648
 0.31254439 0.96375352
 0.23444170 0.97718256
 0.15617249 0.98426253
 0.07824761 0.98510549
 0.00115071 0.97986179
-0.07466369 0.96871530
-0.14877160 0.95187878
-0.22078016 0.92958941
-0.29032772 0.90210463
-0.35708352 0.86969837
-0.42074689 0.83265761
-0.48104619 0.79127929
-0.53773755 0.74586775
-0.59060338 0.69673237
-0.63945087 0.64418577
-0.68411044 0.58854226
-0.72443411 0.53011663
-0.76029429 0.46922330
-0.79158139 0.40617593
-0.81820889 0.34128507
-0.84009939 0.27488502
-0.85740072 0.20707449
-0.87015164 0.13931662
-0.87776710 0.07432283
-0.88234634 0.02693726
-0.88496605 0.00000000
