 1.05452681 0.00000000
 1.05240574 0.08261395
 1.04201734 0.16537379
 1.02492239 0.24639750
 1.00116474 0.32577811
 0.97096933 0.40277200
 0.93457356 0.47688003
 0.89227812 0.54757900
 0.84442284 0.61439221
 0.79138905 0.67687784
 0.73359265 0.73463597
 0.67147975 0.78731038
 0.60552128 0.83459071
 0.53620780 0.87621376
 0.46404433 0.91196404
 0.38954529 0.94167384
 0.31322967 0.96522264
 0.23561649 0.98253604
 0.15722061 0.99358423
 0.07854886 0.99838011
 0.00009663 0.99697709
-0.07765517 0.98946664
-0.15424272 0.97597576
-0.22922148 0.95666423
-0.30216803 0.93172190
-0.37268153 0.90136596
-0.44038481 0.86583827
-0.50492520 0.82540275
-0.56597507 0.78034296
-0.62323216 0.73095970
-0.67641971 0.67756890
-0.72528637 0.62049956
-0.76960611 0.56009192
-0.80917797 0.49669575
-0.84382543 0.43066917
-0.87339848 0.36237476
-0.89775958 0.29219476
-0.91684880 0.22043445
-0.93041714 0.14782144
-0.93879010 0.07320630
-0.94414890 0.00000000
