 1.04907325 0.00000000
 1.04866275 0.04104511
 1.04671500 0.08221281
 1.03657970 0.16444192
 1.01967044 0.24507189
 0.99617039 0.32406084
 0.96629075 0.40071978
 0.93026269 0.47454826
 0.88837552 0.54503310
 0.84095785 0.61170262
 0.78837873 0.67411867
 0.73104157 0.73188273
 0.66938000 0.78463789
 0.60385288 0.83207106
 0.53493946 0.87391437
 0.46313448 0.90994594
 0.38894335 0.93999015
 0.31287758 0.96391734
 0.23545038 0.98164297
 0.15717252 0.99312646
 0.07854857 0.99836956
 0.00007345 0.99741445
-0.07777063 0.99034163
-0.15451689 0.97726756
-0.22971630 0.95834223
-0.30293959 0.93374661
-0.37377884 0.90369014
-0.44184884 0.86840814
-0.50678810 0.82815937
-0.56825958 0.78322364
-0.62595132 0.73389948
-0.67957669 0.68050199
-0.72887460 0.62336081
-0.77360958 0.56281820
-0.81357168 0.49922730
-0.84857611 0.43295078
-0.87846527 0.36435716
-0.90309664 0.29383337
-0.92239802 0.22170488
-0.93615068 0.14863710
-0.94465723 0.07379879
-0.94982512 0.00000000
