 4.80847067 0.00000000
 4.79724136 0.13432747
 4.76136601 0.28723097
 4.69385246 0.45446979
 4.63878234 0.55028921
 4.56283202 0.65188695
 4.46247185 0.75377834
 4.37128939 0.82541306
 4.25910087 0.89282708
 4.12529885 0.94982356
 3.95335527 0.99251048
 3.80727187 1.00438733
 3.67597955 0.99670367
 3.56029185 0.97537466
 3.42095739 0.92990251
 3.28421031 0.86116227
 3.17959069 0.78868688
 3.09935523 0.71755694
 3.02128965 0.63067146
 2.95332893 0.53417973
 2.89730305 0.42949726
 2.85826316 0.32972654
 2.82878991 0.22331353
 2.80538083 0.10568943
 2.79438951 0.00000000
