 2.74089062 0.00000000
 2.71885929 0.20072249
 2.66822881 0.36916739
 2.60057836 0.50831412
 2.49750548 0.65258374
 2.38628329 0.76333991
 2.26970945 0.84898546
 2.15295452 0.91196375
 1.98772378 0.97044934
 1.83214153 0.99775763
 1.69000181 1.00107054
 1.51551236 0.97717179
 1.37443010 0.93374871
 1.26142134 0.88118941
 1.13518504 0.79965116
 1.01049645 0.68748222
 0.92049633 0.57666405
 0.85231658 0.46430024
 0.80334645 0.35468448
 0.77137828 0.25379543
 0.74829090 0.13540558
 0.73930432 0.00000000
