 6.48529202 0.00000000
 6.47980064 0.09028283
 6.42622846 0.31416039
 6.35242004 0.48275233
 6.25739558 0.62586138
 6.15227571 0.73919300
 6.05780359 0.81626001
 5.93113663 0.89401615
 5.77095839 0.95996461
 5.61638574 0.99513323
 5.46947992 1.00576883
 5.33334765 0.99642443
 5.17046748 0.95959631
 5.04417536 0.91056804
 4.93358488 0.84961729
 4.80399757 0.75119661
 4.71106015 0.65804335
 4.61742138 0.52802993
 4.55631409 0.38956193
 4.53263269 0.29984534
 4.50431369 0.17995764
 4.49103715 0.14534196
 4.46281040 0.09679817
 4.43852002 0.06330693
 4.41920341 0.03079349
 4.41171934 0.00000000
