 6.33930686 0.00000000
 6.29453829 0.27130766
 6.23646747 0.42438291
 6.16212283 0.55688514
 6.07781144 0.66668979
 6.00009173 0.74532003
 5.89259451 0.83011509
 5.75151994 0.91087649
 5.60946073 0.96476878
 5.46846639 0.99533977
 5.33249258 1.00576153
 5.16246329 0.99225595
 5.02498192 0.95950100
 4.89965870 0.91083684
 4.79323670 0.85254398
 4.70348175 0.78871413
 4.62059487 0.71519878
 4.50936159 0.58572079
 4.43253205 0.44959421
 4.39871853 0.35122501
 4.36843574 0.21836963
 4.35198416 0.16493618
 4.33116777 0.11938750
 4.30762254 0.08147690
 4.27036101 0.00000000
