 6.36364235 0.00000000
 6.31671760 0.27811861
 6.25628598 0.43373782
 6.17880206 0.56810126
 6.09122841 0.67872590
 6.01080973 0.75734702
 5.90011873 0.84131626
 5.75570968 0.92002606
 5.61124782 0.97109419
 5.46888955 0.99849955
 5.33249407 1.00566501
 5.16319994 0.98809668
 5.02729031 0.95238151
 4.90421773 0.90136793
 4.80033052 0.84153087
 4.71307323 0.77687740
 4.63267591 0.70307908
 4.55999946 0.62140161
 4.49903335 0.53297691
 4.45233058 0.43846669
 4.41941228 0.33464345
 4.39131024 0.21241681
 4.37922052 0.17253045
 4.36082504 0.12978245
 4.33370281 0.08497672
 4.29394007 0.00000000
