 4.84341022 0.00000000
 4.83125897 0.13980842
 4.79313289 0.29727200
 4.72146332 0.46865801
 4.66299884 0.56636458
 4.58265943 0.66917356
 4.47732638 0.77102513
 4.38222234 0.84158784
 4.26599744 0.90671884
 4.12866345 0.96011186
 3.95402563 0.99727712
 3.80727818 1.00407044
 3.67666056 0.99188324
 3.56255265 0.96678825
 3.42635273 0.91729405
 3.29392015 0.84553047
 3.19348695 0.77161784
 3.11699228 0.70013257
 3.04293766 0.61376027
 2.97882791 0.51872717
 2.90678061 0.36852531
 2.86185041 0.21534753
 2.82912612 0.00000000
