 0.82618549 0.00000000
 0.81657544 0.04765078
 0.80837169 0.13525866
 0.79926954 0.19487178
 0.78406626 0.25921694
 0.76456716 0.32209408
 0.74067018 0.38385586
 0.71247453 0.44414984
 0.68003496 0.50271519
 0.64341041 0.55928168
 0.60266903 0.61357278
 0.55789206 0.66530440
 0.50917691 0.71418449
 0.45663984 0.75991339
 0.40041874 0.80218442
 0.34067591 0.84068497
 0.27760101 0.87509808
 0.21141397 0.90510457
 0.14236789 0.93038571
 0.07075187 0.95062666
-0.00310651 0.96552047
-0.07883894 0.97477293
-0.15603480 0.97810806
-0.23424014 0.97527431
-0.31295760 0.96605151
-0.39164742 0.95025820
-0.46972962 0.92775947
-0.54658770 0.89847495
-0.62157382 0.86238672
-0.69401569 0.81954686
-0.76322512 0.77008421
-0.82850827 0.71421002
-0.88917727 0.65222199
-0.94456293 0.58450679
-0.99402958 0.51153669
-1.03698094 0.43388523
-1.07290400 0.35210041
-1.10122821 0.26735048
-1.12168578 0.17768899
-1.13274133 0.09509422
-1.14866712 0.00000000
