 6.29875828 0.00000000
 6.25738929 0.26023985
 6.20304160 0.40912274
 6.13366684 0.53847412
 6.05459956 0.64674180
 5.98127413 0.72518931
 5.87906416 0.81107218
 5.74362244 0.89488595
 5.60579654 0.95318772
 5.46738659 0.98885598
 5.33245366 1.00461723
 5.16163311 0.99797127
 5.02182586 0.97034296
 4.89297273 0.92584394
 4.78241786 0.87040722
 4.68847508 0.80820378
 4.60133057 0.73536859
 4.51693894 0.64724431
 4.45152419 0.56002077
 4.39893926 0.46439192
 4.36136277 0.36138385
 4.32280921 0.20073294
 4.30022680 0.13740770
 4.26713188 0.07921436
 4.23185120 0.00982983
 4.23101211 0.00000000
