 5.36321908 0.00000000
 5.34947750 0.15222425
 5.28444134 0.38362680
 5.22543107 0.51012529
 5.14957064 0.62845906
 5.05872955 0.73531446
 4.95929994 0.82589879
 4.83727876 0.90956841
 4.69329018 0.97936408
 4.51764027 1.03109179
 4.36484163 1.04993232
 4.22609756 1.04677903
 4.10296438 1.02807303
 3.95352827 0.98288527
 3.80760235 0.91096724
 3.69772269 0.83378304
 3.62042451 0.76296383
 3.54934248 0.68022940
 3.46717257 0.54617939
 3.42099522 0.41247101
 3.40781268 0.33038789
 3.39964300 0.25318291
 3.38202200 0.17680495
 3.33103772 0.09189411
 3.28300098 0.03348194
 3.27587529 0.00000000
