 0.80888441 0.00000000
 0.80065730 0.04407660
 0.79269040 0.13390318
 0.78405131 0.19184257
 0.76934047 0.25523308
 0.75042303 0.31720785
 0.72720509 0.37815447
 0.69977991 0.43772677
 0.66819530 0.49567318
 0.63249901 0.55173430
 0.59274581 0.60564346
 0.54900156 0.65712507
 0.50134673 0.70589386
 0.44987930 0.75165488
 0.39471775 0.79410388
 0.33600416 0.83292816
 0.27390741 0.86780782
 0.20862649 0.89841774
 0.14039383 0.92443006
 0.06947859 0.94551741
-0.00381021 0.96135694
-0.07912095 0.97163516
-0.15605704 0.97605353
-0.23417527 0.97433502
-0.31298505 0.96623141
-0.39194872 0.95153127
-0.47048319 0.93006855
-0.54796313 0.90173155
-0.62372594 0.86647191
-0.69707856 0.82431337
-0.76730623 0.77535988
-0.83368326 0.71980254
-0.89548558 0.65792488
-0.95200447 0.59010649
-1.00256327 0.51681971
-1.04652261 0.43865011
-1.08333508 0.35614022
-1.11236201 0.27059310
-1.13335498 0.17942936
-1.14438355 0.09733545
-1.16315423 0.00000000
