 1.43561325 0.00000000
 1.43326941 0.04553862
 1.42534614 0.12453813
 1.40010055 0.24467049
 1.36121536 0.35678732
 1.30865505 0.46295460
 1.24462829 0.55964922
 1.17111644 0.64564634
 1.09031436 0.72008259
 1.00434506 0.78264544
 0.91518378 0.83343779
 0.82458498 0.87289064
 0.73404738 0.90167129
 0.64480473 0.92060083
 0.55783575 0.93058441
 0.47388652 0.93255578
 0.39349939 0.92743594
 0.31704435 0.91610422
 0.24474982 0.89937980
 0.17673098 0.87801126
 0.11301495 0.85267217
 0.05356224 0.82396106
-0.00171536 0.79240422
-0.05294015 0.75846022
-0.10025681 0.72252557
-0.14382320 0.68494069
-0.18380319 0.64599594
-0.22036116 0.60593743
-0.25365787 0.56497248
-0.28384726 0.52327464
-0.31107408 0.48098825
-0.33547189 0.43823271
-0.35716136 0.39510649
-0.37624852 0.35169131
-0.39282260 0.30805708
-0.40695198 0.26427156
-0.41868429 0.22039191
-0.42795382 0.17677319
-0.43509011 0.13171814
-0.44045002 0.07719390
-0.44212914 0.00990740
-0.44264353 0.00000000
