 7.18824514 0.00000000
 7.17335891 0.14680594
 7.14159544 0.28000980
 7.08203749 0.43142635
 6.98706596 0.59080492
 6.89416020 0.70175906
 6.78968532 0.79489495
 6.67869550 0.86972952
 6.57119020 0.92416818
 6.44465369 0.96893213
 6.30067766 0.99816515
 6.14346452 1.00590690
 5.97135100 0.98572845
 5.79921582 0.93388842
 5.66797384 0.86962696
 5.56593409 0.80122201
 5.48579521 0.73369335
 5.41066991 0.65559217
 5.33903784 0.55987819
 5.27815813 0.44452662
 5.23983381 0.32091795
 5.21947930 0.20057922
 5.20781049 0.15375210
 5.20169281 0.13865575
 5.18582172 0.11037619
 5.16671775 0.08763858
 5.14112936 0.06581819
 5.11899365 0.04815662
 5.09063979 0.00000000
