 4.63104308 0.00000000
 4.61466254 0.16473093
 4.54757870 0.38728938
 4.48387480 0.51452854
 4.37360970 0.66544900
 4.26244193 0.77339634
 4.09647078 0.88497195
 3.94278486 0.95152259
 3.80516116 0.98744600
 3.67531057 1.00283111
 3.55574047 1.00197332
 3.40473733 0.98025089
 3.24869507 0.93160756
 3.12359116 0.87067379
 3.02374493 0.80481638
 2.92350881 0.71844161
 2.83354530 0.61677913
 2.75681404 0.50095188
 2.70194128 0.38655301
 2.66186935 0.26510202
 2.63325616 0.13602339
 2.61790030 0.00000000
