 6.58485171 0.00000000
 6.57769606 0.10253096
 6.51431581 0.34624228
 6.45998554 0.46775983
 6.39302870 0.57787605
 6.31541157 0.67494069
 6.19451908 0.78834817
 6.08809014 0.86199590
 5.94873897 0.93187728
 5.77742997 0.98433051
 5.61739806 1.00469092
 5.46980059 1.00086037
 5.33683601 0.97831810
 5.18219674 0.92757437
 5.06566884 0.86966687
 4.96617886 0.80298490
 4.86301877 0.71365454
 4.78988476 0.63347892
 4.70408426 0.50421449
 4.64904585 0.36819059
 4.62797123 0.27995583
 4.60887914 0.19228704
 4.58523154 0.13146179
 4.56383305 0.09748619
 4.52749446 0.04938531
 4.50841813 0.00000000
