 0.76127777 0.00000000
 0.75648137 0.03557472
 0.74947225 0.13019797
 0.74194936 0.18383015
 0.72855719 0.24452601
 0.71117403 0.30404486
 0.68975389 0.36275455
 0.66436963 0.42033619
 0.63505373 0.47655748
 0.60182764 0.53118700
 0.56471385 0.58398463
 0.52374060 0.63469877
 0.47894607 0.68306437
 0.43038191 0.72880208
 0.37811672 0.77161775
 0.32223967 0.81120253
 0.26286447 0.84723339
 0.20013341 0.87937425
 0.13422185 0.90727779
 0.06534266 0.93058809
-0.00624918 0.94894416
-0.08025202 0.96198448
-0.15631341 0.96935276
-0.23402630 0.97070482
-0.31292613 0.96571674
-0.39248896 0.95409429
-0.47213107 0.93558340
-0.55121036 0.90998169
-0.62902995 0.87715057
-0.70484422 0.83702771
-0.77786779 0.78963913
-0.84728722 0.73511039
-0.91227578 0.67367597
-0.97201022 0.60568709
-1.02569312 0.53160802
-1.07255440 0.45205725
-1.11194852 0.36752867
-1.14299910 0.27984899
-1.16552470 0.18381182
-1.17593647 0.10475238
-1.20888839 0.00000000
