 0.81488097 0.00000000
 0.80616672 0.04529053
 0.79810751 0.13436958
 0.78931212 0.19288173
 0.77443176 0.25660331
 0.75531487 0.31888911
 0.73186395 0.38011711
 0.70417445 0.43993875
 0.67229644 0.49809942
 0.63628143 0.55433601
 0.59618871 0.60837846
 0.55208935 0.65994820
 0.50406956 0.70875761
 0.45223356 0.75451003
 0.39670645 0.79690031
 0.33763723 0.83561566
 0.27520193 0.87033710
 0.20960674 0.90074144
 0.14109126 0.92650383
 0.06993158 0.94730112
-0.00355683 0.96281584
-0.07901647 0.97274101
-0.15604577 0.97678583
-0.23419769 0.97468201
-0.31297912 0.96619098
-0.39185150 0.95111168
-0.47023265 0.92928889
-0.54750014 0.90062183
-0.62299635 0.86507278
-0.69603528 0.82267547
-0.76591132 0.77354264
-0.83190980 0.71787256
-0.89331921 0.65595387
-0.94944464 0.58816877
-0.99962373 0.51498975
-1.04323227 0.43699824
-1.07973484 0.35473920
-1.10851721 0.26946668
-1.12932371 0.17883420
-1.14036949 0.09653897
-1.15807452 0.00000000
