 0.71276537 0.00000000
 0.70991010 0.02887811
 0.70386087 0.12630821
 0.69731315 0.17587984
 0.68521245 0.23365778
 0.66933360 0.29063095
 0.64968981 0.34699670
 0.62632876 0.40247601
 0.59926952 0.45684948
 0.56851113 0.50991190
 0.53404839 0.56144955
 0.49587660 0.61123633
 0.45399609 0.65903025
 0.40841605 0.70457153
 0.35915829 0.74758127
 0.30626125 0.78776058
 0.24978432 0.82479019
 0.18981258 0.85833060
 0.12646202 0.88802291
 0.05988508 0.91349045
-0.00972337 0.93434146
-0.08211988 0.95017289
-0.15700622 0.96057557
-0.23402333 0.96514103
-0.31274583 0.96346988
-0.39267737 0.95518209
-0.47324739 0.93992909
-0.55380981 0.91740765
-0.63364418 0.88737520
-0.71196003 0.84966637
-0.78790484 0.80420992
-0.86057613 0.75104539
-0.92903818 0.69033791
-0.99234172 0.62239275
-1.04955552 0.54764779
-1.09975617 0.46676562
-1.14221517 0.38006470
-1.17567894 0.29048070
-1.20008259 0.18691911
-1.20741963 0.11578721
-1.29839652 0.00000000
