 0.90513621 0.00000000
 0.89370673 0.06485496
 0.88536868 0.14265481
 0.87360775 0.21061293
 0.85592155 0.27958249
 0.83337585 0.34698077
 0.80592644 0.41278180
 0.77369632 0.47661422
 0.73679390 0.53815557
 0.69534870 0.59707911
 0.64950998 0.65306017
 0.59944853 0.70577647
 0.54535786 0.75490935
 0.48745542 0.80014512
 0.42598373 0.84117679
 0.36121146 0.87770608
 0.29343433 0.90944570
 0.22297588 0.93612204
 0.15018794 0.95747804
 0.07545083 0.97327653
-0.00082686 0.98330365
-0.07820892 0.98737268
-0.15623266 0.98532793
-0.23441072 0.97704880
-0.31223340 0.96245386
-0.38917173 0.94150484
-0.46468130 0.91421042
-0.53820667 0.88062979
-0.60918664 0.84087564
-0.67706007 0.79511665
-0.74127236 0.74357919
-0.80128235 0.68654821
-0.85656969 0.62436708
-0.90664225 0.55743653
-0.95104390 0.48621136
-0.98936007 0.41120253
-1.02123030 0.33293757
-1.04632618 0.25214253
-1.06436849 0.16869504
-1.07493309 0.08631605
-1.08297216 0.00000000
