 1.82264767 0.00000000
 1.80593828 0.17840816
 1.76010277 0.34660261
 1.69713662 0.48425328
 1.61655142 0.60771447
 1.52162825 0.71512576
 1.36382503 0.84129005
 1.19968213 0.92684312
 1.03704656 0.97759254
 0.88230803 0.99924920
 0.74350233 0.99803349
 0.61627481 0.97972113
 0.50157875 0.94838547
 0.35773869 0.88680972
 0.24049957 0.81457636
 0.14544789 0.73737925
 0.06867246 0.65852506
-0.01908470 0.54167061
-0.09914930 0.38979021
-0.14783359 0.24431595
-0.17247710 0.10464409
-0.17765610 0.00000000
