 2.11907912 0.00000000
 2.13166349 0.05231978
 2.05877991 0.41276112
 1.96828776 0.54985771
 1.86753403 0.68051710
 1.74235502 0.79564539
 1.61367178 0.88078553
 1.48369102 0.94238639
 1.35733939 0.98304798
 1.23722312 1.00632776
 1.12491536 1.01551188
 1.02112783 1.01352659
 0.92600206 1.00285500
 0.83931426 0.98554709
 0.76062414 0.96326126
 0.68937649 0.93732023
 0.62496841 0.90876743
 0.56679181 0.87841863
 0.51425919 0.84690648
 0.46681829 0.81471763
 0.42395924 0.78222315
 0.38521722 0.74970301
 0.35017218 0.71736559
 0.31844688 0.68536328
 0.28970402 0.65380470
 0.26364294 0.62276448
 0.23999623 0.59229082
 0.21852643 0.56241153
 0.19902281 0.53313874
 0.18129855 0.50447261
 0.16518804 0.47640421
 0.15054452 0.44891780
 0.13723798 0.42199262
 0.12515324 0.39560424
 0.11418833 0.36972570
 0.10425303 0.34432829
 0.09526759 0.31938232
 0.08716168 0.29485764
 0.07987339 0.27072415
 0.07334849 0.24695239
 0.06753976 0.22351415
 0.06240650 0.20038352
 0.05791419 0.17753869
 0.05403454 0.15496605
 0.05074516 0.13266466
 0.04803123 0.11066626
 0.04592331 0.08941729
 0.04448307 0.07010637
 0.04344697 0.04893894
 0.04240850 0.00449906
 0.04235992 0.00000000
