 4.71170727 0.00000000
 4.69222597 0.17997626
 4.61523570 0.41682390
 4.54196417 0.55059298
 4.41671444 0.70558042
 4.29289360 0.81239477
 4.11217577 0.91682522
 3.94934889 0.97345840
 3.80688548 0.99893324
 3.67536821 1.00389874
 3.55667391 0.99354153
 3.41000344 0.96042556
 3.26207696 0.90169031
 3.14603734 0.83461623
 3.05516105 0.76560214
 2.96534000 0.67828497
 2.88587529 0.57844556
 2.81915866 0.46738371
 2.77209564 0.35967642
 2.73737548 0.24547152
 2.71138041 0.12191195
 2.69811541 0.00000000
