 4.68750384 0.00000000
 4.66900275 0.17528281
 4.59512979 0.40778845
 4.52486215 0.53961460
 4.40424465 0.69351136
 4.28427788 0.80083014
 4.10794175 0.90764465
 3.94772831 0.96742500
 3.80655444 0.99613533
 3.67536186 1.00425636
 3.55624568 0.99672912
 3.40809258 0.96694308
 3.25759800 0.91107471
 3.13878143 0.84568510
 3.04521143 0.77747937
 2.95231698 0.69031011
 2.86978833 0.58982127
 2.80017424 0.47726774
 2.75087924 0.36755218
 2.71465336 0.25124245
 2.68792143 0.12608639
 2.67404958 0.00000000
