 1.42299552 0.00000000
 1.42072277 0.04455302
 1.41300083 0.12287169
 1.38847275 0.24144156
 1.35062272 0.35240112
 1.29940973 0.45768032
 1.23689938 0.55387915
 1.16496218 0.63978068
 1.08568404 0.71450451
 1.00109939 0.77769212
 0.91311770 0.82938356
 0.82345150 0.86993905
 0.73357946 0.89995479
 0.64473349 0.92018593
 0.55790436 0.93148007
 0.47385987 0.93472352
 0.39317003 0.93080014
 0.31623542 0.92056189
 0.24331560 0.90480921
 0.17455598 0.88427919
 0.11001179 0.85963992
 0.04966902 0.83148904
-0.00653794 0.80035544
-0.05871179 0.76670288
-0.10698042 0.73093479
-0.15148757 0.69339963
-0.19238534 0.65439643
-0.22982851 0.61418025
-0.26397006 0.57296732
-0.29495782 0.53093986
-0.32293180 0.48825049
-0.34802204 0.44502629
-0.37034663 0.40137265
-0.39000971 0.35737725
-0.40709896 0.31311462
-0.42168112 0.26865546
-0.43380207 0.22405650
-0.44339641 0.17964717
-0.45076425 0.13387067
-0.45638037 0.07794399
-0.45837883 0.01105241
-0.45896301 0.00000000
