 1.56327022 0.00000000
 1.55370834 0.13628748
 1.52646619 0.26880547
 1.46458680 0.43500441
 1.37671977 0.58475654
 1.26800840 0.71366375
 1.14578826 0.81794484
 1.01442858 0.89833970
 0.87883136 0.95541418
 0.74692778 0.99000338
 0.61749140 1.00590911
 0.49303497 1.00512729
 0.32474231 0.97888783
 0.17705499 0.93007476
 0.04993446 0.86560749
-0.05789689 0.79071038
-0.14829117 0.70917457
-0.22320265 0.62362487
-0.31023366 0.49194139
-0.38770145 0.31337530
-0.42593670 0.14962309
-0.43682202 0.00000000
