 1.51824735 0.00000000
 1.51528946 0.05235997
 1.50587163 0.13611237
 1.47530763 0.26689830
 1.42887576 0.38669776
 1.36666143 0.49842973
 1.29198394 0.59776260
 1.20767395 0.68350026
 1.11672035 0.75501077
 1.02184799 0.81241245
 0.92543560 0.85633534
 0.82945080 0.88776063
 0.73544529 0.90787417
 0.64458376 0.91795024
 0.55769206 0.91926562
 0.47531308 0.91304123
 0.39776248 0.90040611
 0.32517965 0.88237860
 0.25757180 0.85985961
 0.19485054 0.83363409
 0.13686129 0.80437747
 0.08340629 0.77266490
 0.03426228 0.73898179
-0.01080635 0.70373448
-0.05203785 0.66726055
-0.08966620 0.62983841
-0.12391626 0.59169588
-0.15500060 0.55301792
-0.18311740 0.51395335
-0.20844925 0.47462073
-0.23116261 0.43511353
-0.25140751 0.39550465
-0.26931753 0.35585065
-0.28500968 0.31619588
-0.29858387 0.27657757
-0.31012053 0.23703650
-0.31968044 0.19761723
-0.32723749 0.15863781
-0.33299091 0.11909962
-0.33748116 0.07139428
-0.33988543 0.01729432
-0.34073495 0.00000000
