 0.83015961 0.00000000
 0.82024906 0.04850015
 0.81200424 0.13557567
 0.80279023 0.19558261
 0.78747219 0.26014740
 0.76783648 0.32323444
 0.74378018 0.38518535
 0.71540372 0.44564645
 0.68276363 0.50435461
 0.64592156 0.56103702
 0.60494893 0.61541489
 0.55993066 0.66720216
 0.51096822 0.71610528
 0.45818221 0.76182357
 0.40171510 0.80404987
 0.34173397 0.84247175
 0.27843333 0.87677306
 0.21203798 0.90663614
 0.14280580 0.93174456
 0.07103046 0.95178652
-0.00295625 0.96645893
-0.07878229 0.97547216
-0.15603393 0.97855556
-0.23425492 0.97546358
-0.31294655 0.96598256
-0.39156878 0.94993796
-0.46954257 0.92720201
-0.54625364 0.89770147
-0.62105774 0.86142530
-0.69328750 0.81843190
-0.76226094 0.76885563
-0.82729156 0.71291215
-0.88769980 0.65090218
-0.94282546 0.58321381
-0.99204215 0.51031910
-1.03476325 0.43278877
-1.07048358 0.35117145
-1.09864727 0.26660705
-1.11898278 0.17727893
-1.13003552 0.09460182
-1.14539591 0.00000000
