 1.26807410 0.00000000
 1.26719535 0.07769693
 1.25694932 0.16456774
 1.24019156 0.24398142
 1.21690592 0.32236692
 1.18750210 0.39799928
 1.15229597 0.47050877
 1.11170261 0.53937289
 1.06617655 0.60416129
 1.01620825 0.66450805
 0.96231247 0.72011665
 0.90501677 0.77075988
 0.84485165 0.81627768
 0.78234116 0.85657374
 0.71799505 0.89161068
 0.65230208 0.92140458
 0.58572479 0.94601877
 0.51869551 0.96555744
 0.45161375 0.98015923
 0.38484455 0.98999096
 0.31871795 0.99524169
 0.25352918 0.99611730
 0.18953960 0.99283550
 0.12697817 0.98562148
 0.06604319 0.97470408
 0.00690453 0.96031259
-0.05029420 0.94267401
-0.10543322 0.92201088
-0.15841425 0.89853955
-0.20915813 0.87246881
-0.25760262 0.84399896
-0.30370021 0.81332113
-0.34741612 0.78061691
-0.38872649 0.74605815
-0.42761658 0.70980697
-0.46407929 0.67201597
-0.49811369 0.63282848
-0.52972382 0.59237897
-0.55891747 0.55079347
-0.58570525 0.50819012
-0.61009969 0.46467975
-0.63211445 0.42036640
-0.65176363 0.37534799
-0.66906127 0.32971687
-0.68402063 0.28356075
-0.69665398 0.23696420
-0.70698103 0.18998000
-0.71496365 0.14281913
-0.72055752 0.09576106
-0.72511024 0.04052498
-0.72737482 0.00000000
