 2.72749256 0.00000000
 2.70604992 0.19801637
 2.65663048 0.36462763
 2.59058188 0.50250574
 2.48973808 0.64598440
 2.38058233 0.75672785
 2.26584025 0.84292435
 2.15057815 0.90685367
 1.98683789 0.96712535
 1.83200131 0.99639793
 1.68998025 1.00160536
 1.51489465 0.97997834
 1.37272540 0.93820716
 1.25845072 0.88674557
 1.13038990 0.80606150
 1.00346610 0.69415642
 0.91158243 0.58296567
 0.84183646 0.46980614
 0.79165817 0.35912427
 0.75885601 0.25706408
 0.73515001 0.13717327
 0.72592914 0.00000000
