 0.82220163 0.00000000
 0.81290171 0.04680906
 0.80474430 0.13494345
 0.79575213 0.19416536
 0.78066322 0.25829067
 0.76129982 0.32095852
 0.73756119 0.38253157
 0.70954521 0.44265864
 0.67730494 0.50108117
 0.64089665 0.55753146
 0.60038531 0.61173527
 0.55584852 0.66341046
 0.50737969 0.71226652
 0.45509079 0.75800482
 0.39911513 0.80031919
 0.33961032 0.83889691
 0.27676117 0.87342026
 0.21078274 0.90356859
 0.14192338 0.92902097
 0.07046760 0.94945953
-0.00326127 0.96457357
-0.07889869 0.97406433
-0.15603720 0.97765053
-0.23422521 0.97507471
-0.31296680 0.96611016
-0.39172256 0.95056852
-0.46991167 0.92830772
-0.54691546 0.89924022
-0.62208256 0.86334117
-0.69473583 0.82065624
-0.76418089 0.77130866
-0.82971654 0.71550520
-0.89064660 0.65354042
-0.94629283 0.58579951
-0.99601022 0.51275488
-1.03919271 0.43498287
-1.07531944 0.35303061
-1.10380479 0.26809570
-1.12438499 0.17809611
-1.13544023 0.09559556
-1.15196238 0.00000000
