 2.95263449 0.00000000
 2.93711095 0.16677310
 2.89887223 0.31612955
 2.84499061 0.44718086
 2.78292308 0.55487383
 2.70290399 0.65965665
 2.60419853 0.75786639
 2.45838759 0.86295973
 2.31336582 0.93373373
 2.17576087 0.97638041
 1.99319306 1.00149158
 1.83294579 0.99570208
 1.69554884 0.96975758
 1.53755550 0.91375283
 1.41772332 0.84927378
 1.32638756 0.78431949
 1.22885562 0.69516182
 1.13698917 0.58427060
 1.07318507 0.48231434
 1.02608980 0.38367725
 0.98157260 0.24917525
 0.95668274 0.11024216
 0.95067626 0.00000000
