 0.72698367 0.00000000
 0.72370984 0.03067897
 0.71739715 0.12745413
 0.71057732 0.17818951
 0.69810649 0.23683713
 0.68179415 0.29456110
 0.66163678 0.35162049
 0.63768968 0.40772388
 0.60997579 0.46264859
 0.57850031 0.51618201
 0.54326569 0.56810276
 0.50427630 0.61817723
 0.46154299 0.66615645
 0.41508686 0.71177456
 0.36494296 0.75474771
 0.31116419 0.79477347
 0.25382557 0.83153073
 0.19302881 0.86468016
 0.12890732 0.89386535
 0.06163148 0.91871475
-0.00858575 0.93884465
-0.08148317 0.95386324
-0.15674569 0.96337607
-0.23399900 0.96699285
-0.31280482 0.96433593
-0.39265711 0.95505034
-0.47297978 0.93881552
-0.55312620 0.91535849
-0.63238123 0.88446835
-0.70996616 0.84601148
-0.78504705 0.79994707
-0.85674685 0.74634204
-0.92416149 0.68538413
-0.98637867 0.61739408
-1.04250602 0.54282009
-1.09166561 0.46230899
-1.13314473 0.37625521
-1.16582192 0.28715828
-1.18955548 0.18626183
-1.19833367 0.11202973
-1.26025600 0.00000000
