 3.66097620 0.00000000
 3.64350316 0.17424491
 3.57481681 0.39763872
 3.51705939 0.51176719
 3.40981938 0.66010548
 3.28786420 0.77797570
 3.17363655 0.85842049
 3.05164514 0.92132210
 2.92461097 0.96631232
 2.73394217 1.00018557
 2.58393591 1.00066452
 2.45342715 0.98261421
 2.34184754 0.95281766
 2.21258048 0.89974443
 2.07555615 0.81756266
 1.94311741 0.70407343
 1.84074874 0.58091960
 1.77906361 0.48150316
 1.71907049 0.34840705
 1.68499242 0.23310006
 1.66386290 0.11395496
 1.65446173 0.00000000
