 6.27173388 0.00000000
 6.23250336 0.25305506
 6.18049831 0.39917844
 6.11425907 0.52640594
 6.03855198 0.63354256
 5.96807779 0.71173995
 5.86935730 0.79815550
 5.73770519 0.88375376
 5.60284033 0.94478018
 5.46635890 0.98371001
 5.33234734 1.00295387
 5.16130594 1.00091637
 5.02016281 0.97682821
 4.88912328 0.93527027
 4.77589635 0.88193111
 4.67915761 0.82099480
 4.58911482 0.74876858
 4.50155841 0.66057233
 4.43291695 0.57239252
 4.37696584 0.47461324
 4.33665031 0.36846770
 4.29754995 0.20765865
 4.27383126 0.13807497
 4.24831098 0.09162595
 4.20651661 0.01470339
 4.20476972 0.00000000
