 0.82485850 0.00000000
 0.81535087 0.04736928
 0.80716199 0.13515340
 0.79809670 0.19463582
 0.78293160 0.25890772
 0.76347782 0.32171503
 0.73963374 0.38341385
 0.71149811 0.44365217
 0.67912511 0.50216992
 0.64257278 0.55869770
 0.60190821 0.61295977
 0.55721143 0.66467266
 0.50857849 0.71354485
 0.45612423 0.75927702
 0.39998501 0.80156265
 0.34032155 0.84008909
 0.27732190 0.87453912
 0.21120436 0.90459306
 0.14222045 0.92993145
 0.07065774 0.95023842
-0.00315759 0.96520578
-0.07885851 0.97453777
-0.15603543 0.97795666
-0.23423517 0.97520893
-0.31296087 0.96607221
-0.39167285 0.95036274
-0.46979086 0.92794324
-0.54669765 0.89873095
-0.62174422 0.86270565
-0.69425663 0.81991728
-0.76354465 0.77049283
-0.82891196 0.71464205
-0.88966795 0.65266162
-0.94514040 0.58493773
-0.99469055 0.51194269
-1.03771886 0.43425098
-1.07370970 0.35241034
-1.10208755 0.26759869
-1.12258593 0.17782503
-1.13364174 0.09526032
-1.14976275 0.00000000
