 5.77280256 0.00000000
 5.75919079 0.14578630
 5.69567056 0.36721330
 5.62682627 0.50920477
 5.53127195 0.64455135
 5.41418153 0.76344906
 5.27759270 0.86203918
 5.14084186 0.93043368
 5.01017811 0.97383244
 4.87077145 0.99919847
 4.73271187 1.00473607
 4.59887014 0.99205908
 4.45897033 0.95876943
 4.32688291 0.90624729
 4.20738370 0.83805593
 4.10338141 0.75838526
 4.00622606 0.66098211
 3.91989870 0.54571446
 3.85316569 0.41895222
 3.81891642 0.31590624
 3.79356725 0.20189303
 3.77194279 0.12373900
 3.73921734 0.05428560
 3.71926031 0.01019579
 3.71819591 0.00097742
 3.71818959 0.00000000
