 5.44127943 0.00000000
 5.39938753 0.26593381
 5.33585474 0.43398326
 5.23545027 0.60006267
 5.09959190 0.74924402
 4.95680161 0.85565448
 4.78599466 0.93983384
 4.59594425 0.99114930
 4.44945387 1.00465873
 4.29699700 0.99616049
 4.14576342 0.96365258
 3.98735719 0.90148631
 3.87686546 0.83774603
 3.75856727 0.74528040
 3.62623355 0.59797537
 3.55775632 0.49064308
 3.49557023 0.34524787
 3.44893475 0.16204154
 3.43993908 0.11935104
 3.42643437 0.08078572
 3.40878774 0.04559058
 3.39356636 0.00000000
