 6.45292055 0.00000000
 6.39727273 0.30421937
 6.32729817 0.46932045
 6.23725820 0.61021221
 6.13700815 0.72307370
 6.04635842 0.80081723
 5.92392710 0.88058153
 5.76776500 0.95033833
 5.61554632 0.99000983
 5.46946810 1.00524251
 5.33287494 1.00029914
 5.16786265 0.96839387
 5.03874120 0.92265805
 4.92464856 0.86405274
 4.79017050 0.76718421
 4.68316759 0.66288583
 4.61445153 0.57492587
 4.54189828 0.43937165
 4.50189557 0.30663433
 4.47451785 0.18921333
 4.46339213 0.15720559
 4.44008318 0.11178152
 4.40483498 0.06080960
 4.38033402 0.00000000
