 4.87566825 0.00000000
 4.86260905 0.14503457
 4.82228733 0.30677805
 4.74654681 0.48203433
 4.68478440 0.58143189
 4.60024997 0.68521350
 4.49023307 0.78680290
 4.39148256 0.85615774
 4.27160703 0.91893162
 4.13119327 0.96876566
 3.95438452 1.00063599
 3.80733896 1.00270049
 3.67761591 0.98642111
 3.56518286 0.95796988
 3.43206639 0.90499561
 3.30371864 0.83071748
 3.16962847 0.72082782
 3.06356747 0.59832446
 3.00285585 0.50472671
 2.93518311 0.35816839
 2.89236354 0.20795259
 2.86117917 0.00000000
