 0.88011034 0.00000000
 0.86806100 0.05955895
 0.85968078 0.13997705
 0.84885922 0.20521148
 0.83201457 0.27263333
 0.81052133 0.33850626
 0.78430006 0.40295161
 0.75346519 0.46560451
 0.71810312 0.52616556
 0.67831670 0.58432726
 0.63422522 0.63978077
 0.58596691 0.69221569
 0.53370080 0.74132082
 0.47760850 0.78678525
 0.41789593 0.82829973
 0.35479511 0.86555850
 0.28856579 0.89826139
 0.21949699 0.92611645
 0.14790837 0.94884293
 0.07415125 0.96617474
-0.00139065 0.97786434
-0.07830103 0.98368695
-0.15613132 0.98344520
-0.23440164 0.97697403
-0.31260261 0.96414581
-0.39019786 0.94487551
-0.46662760 0.91912587
-0.54131300 0.88691231
-0.61366167 0.84830752
-0.68307404 0.80344536
-0.74895070 0.75252406
-0.81070045 0.69580839
-0.86774911 0.63363056
-0.91954861 0.56639005
-0.96558690 0.49455021
-1.00539393 0.41864353
-1.03856158 0.33921084
-1.06469494 0.25709485
-1.08350289 0.17174492
-1.09430792 0.08890295
-1.10428320 0.00000000
