 0.83280241 0.00000000
 0.82269804 0.04906991
 0.81442878 0.13578814
 0.80513917 0.19605892
 0.78974440 0.26077004
 0.77001713 0.32399737
 0.74585406 0.38607456
 0.71735643 0.44664721
 0.68458197 0.50545056
 0.64759420 0.56221011
 0.60646673 0.61664552
 0.56128697 0.66846946
 0.51215912 0.71738736
 0.45920671 0.76309789
 0.40257530 0.80529361
 0.34243514 0.84366221
 0.27898402 0.87788811
 0.21244998 0.90765472
 0.14309409 0.93264716
 0.07121305 0.95255570
-0.00285855 0.96707984
-0.07874621 0.97593307
-0.15603416 0.97884831
-0.23426465 0.97558401
-0.31293812 0.96593087
-0.39151438 0.94971897
-0.46941506 0.92682528
-0.54602741 0.89718128
-0.62070959 0.86078050
-0.69279755 0.81768551
-0.76161346 0.76803430
-0.82647572 0.71204541
-0.88671029 0.65002155
-0.94166293 0.58235169
-0.99071341 0.50950771
-1.03328149 0.43205845
-1.06886719 0.35055283
-1.09692421 0.26611240
-1.11717869 0.17700400
-1.12822792 0.09427839
-1.14322734 0.00000000
