 5.56599458 0.00000000
 5.54516986 0.18857026
 5.49249782 0.36993833
 5.43053236 0.50565582
 5.37344848 0.59929555
 5.26979331 0.72721654
 5.15093092 0.83523251
 5.02473259 0.91951661
 4.87626758 0.98821738
 4.71071095 1.03458066
 4.52079729 1.05302368
 4.36580246 1.04147710
 4.23282559 1.01202790
 4.12090127 0.97161557
 3.99269575 0.90398744
 3.87486210 0.81690275
 3.76418749 0.70231174
 3.67844360 0.57251334
 3.62331337 0.42642856
 3.60725240 0.31204513
 3.60044204 0.22638311
 3.57157461 0.13453112
 3.49360383 0.05178631
 3.47309921 0.01405375
 3.47315675 0.00864864
 3.47328019 0.00000000
