 1.53647019 0.00000000
 1.53334827 0.05396554
 1.52356046 0.13882672
 1.49167022 0.27206815
 1.44338240 0.39357670
 1.37883404 0.50645838
 1.30163870 0.60620679
 1.21484495 0.69165685
 1.12163377 0.76226131
 1.02486361 0.81826735
 0.92699086 0.86044927
 0.83001147 0.88992870
 0.73546752 0.90801560
 0.64448804 0.91608584
 0.55784781 0.91549394
 0.47603164 0.90751607
 0.39929607 0.89331721
 0.32772430 0.87393590
 0.26127252 0.85028113
 0.19980756 0.82313700
 0.14313663 0.79317178
 0.09103006 0.76094938
 0.04323843 0.72694146
-0.00049490 0.69153931
-0.04042476 0.65506511
-0.07679796 0.61778204
-0.10984905 0.57990338
-0.13979759 0.54160039
-0.16684653 0.50300929
-0.19118129 0.46423722
-0.21296910 0.42536750
-0.23235837 0.38646437
-0.24947657 0.34757835
-0.26442204 0.30874653
-0.27718814 0.27004216
-0.28763926 0.23148867
-0.29932787 0.17435875
-0.31522367 0.04906358
-0.31577666 0.01225913
-0.31517472 0.00000000
