 6.65753856 0.00000000
 6.64892241 0.11238599
 6.57735399 0.37104334
 6.51608709 0.49825377
 6.44031630 0.61252199
 6.35363056 0.71121703
 6.22062222 0.82318106
 6.10549289 0.89296669
 5.95750723 0.95547632
 5.77959865 0.99658945
 5.61743983 1.00553678
 5.47114716 0.99115250
 5.34203234 0.95964137
 5.19476625 0.90009834
 5.08612535 0.83702101
 4.99459353 0.76754580
 4.89597669 0.67266622
 4.80116297 0.54729887
 4.73553602 0.41030158
 4.71300626 0.33380148
 4.69199954 0.23505881
 4.66986974 0.15477405
 4.65354635 0.12174422
 4.62785138 0.08539962
 4.59248658 0.03975293
 4.57888062 0.00000000
