 0.81188284 0.00000000
 0.80341182 0.04468006
 0.79539749 0.13413607
 0.78668078 0.19236090
 0.77188531 0.25591704
 0.75286839 0.31804715
 0.72953424 0.37913435
 0.70197721 0.43883126
 0.67024623 0.49688480
 0.63439093 0.55303372
 0.59446830 0.60700967
 0.55054681 0.65853555
 0.50270977 0.70732492
 0.45105828 0.75308197
 0.39571411 0.79550199
 0.33682280 0.83427222
 0.27455678 0.86907320
 0.20911865 0.89958077
 0.14074442 0.92546854
 0.06970672 0.94641125
-0.00368221 0.96208871
-0.07906778 0.97219068
-0.15605091 0.97642246
-0.23418645 0.97451140
-0.31298253 0.96621408
-0.39190102 0.95132427
-0.47035926 0.92968133
-0.54773336 0.90117902
-0.62336316 0.86577434
-0.69655915 0.82349603
-0.76661112 0.77445246
-0.83279889 0.71883834
-0.89440468 0.65693979
-0.95072668 0.58913772
-1.00109541 0.51590457
-1.04487910 0.43782385
-1.08153635 0.35543936
-1.11044082 0.27002935
-1.13134041 0.17913282
-1.14237872 0.09693435
-1.16060471 0.00000000
