 5.12588088 0.00000000
 5.10355143 0.19134124
 5.06636116 0.32420895
 5.00804111 0.46016506
 4.92538774 0.59420288
 4.83268611 0.70359094
 4.71167181 0.80864138
 4.56352949 0.89945259
 4.43765950 0.95171111
 4.29426200 0.98859753
 4.13774573 1.00449934
 3.95599128 0.99179049
 3.81663899 0.95876361
 3.70167176 0.91473894
 3.60768246 0.86559850
 3.50234752 0.79377429
 3.40665077 0.70866249
 3.31255099 0.59800791
 3.24868511 0.49842614
 3.19861878 0.39420471
 3.16195536 0.28631871
 3.13087536 0.15455127
 3.10965533 0.00000000
