 0.78500735 0.00000000
 0.77865578 0.03954925
 0.77113858 0.13205538
 0.76308386 0.18778542
 0.74903936 0.24984390
 0.73089983 0.31058839
 0.70859198 0.37041774
 0.68219956 0.42899762
 0.65176217 0.48608712
 0.61731374 0.54144118
 0.57889210 0.59480650
 0.53654353 0.64591939
 0.49032661 0.69450442
 0.44031546 0.74027398
 0.38660303 0.78292827
 0.32930448 0.82215576
 0.26856075 0.85763415
 0.20454236 0.88903186
 0.13745323 0.91601029
 0.06753467 0.93822675
-0.00493080 0.95533832
-0.07961577 0.96700656
-0.15614469 0.97290330
-0.23409123 0.97271740
-0.31297642 0.96616253
-0.39226797 0.95298592
-0.47138097 0.93297800
-0.54968031 0.90598256
-0.62648503 0.87190738
-0.70107491 0.83073474
-0.77269941 0.78253145
-0.84058901 0.72745782
-0.90396888 0.66577481
-0.96207417 0.59784957
-1.01416938 0.52415208
-1.05955222 0.44528421
-1.09762666 0.36177191
-1.12764592 0.27514466
-1.14939467 0.18171327
-1.16024602 0.10077140
-1.18446937 0.00000000
