 1.21867403 0.00000000
 1.22109075 0.09155506
 1.20538325 0.19718692
 1.18181120 0.28968348
 1.14880232 0.38170362
 1.10749337 0.46889978
 1.05832850 0.55110975
 1.00211403 0.62744705
 0.93965055 0.69732726
 0.87180505 0.76026266
 0.79946085 0.81590473
 0.72350271 0.86402990
 0.64479592 0.90453272
 0.56417100 0.93741413
 0.48241103 0.96276843
 0.40024270 0.98076939
 0.31833031 0.99165625
 0.23727263 0.99572011
 0.15760217 0.99329131
 0.07978633 0.98472801
 0.00423012 0.97040610
-0.06872008 0.95071055
-0.13877192 0.92602828
-0.20568215 0.89674227
-0.26925139 0.86322704
-0.32931895 0.82584520
-0.38575780 0.78494497
-0.43846978 0.74085864
-0.48738109 0.69390162
-0.53243823 0.64437221
-0.57360428 0.59255176
-0.61085550 0.53870524
-0.64417847 0.48308220
-0.67356750 0.42591777
-0.69902277 0.36743314
-0.72054118 0.30784786
-0.73814674 0.24733671
-0.75189372 0.18588628
-0.76053524 0.12757722
-0.76895484 0.04790051
-0.77703992 0.00000000
