 0.88072529 0.00000000
 0.86867632 0.05969385
 0.86029727 0.14003822
 0.84945356 0.20533944
 0.83258889 0.27279822
 0.81107084 0.33870756
 0.78482063 0.40318533
 0.75395288 0.46586656
 0.71855447 0.52645129
 0.67872886 0.58463158
 0.63459601 0.64009819
 0.58629490 0.69254043
 0.53398537 0.74164692
 0.47784985 0.78710663
 0.41809514 0.82861036
 0.35495411 0.86585248
 0.28868738 0.89853309
 0.21958479 0.92636065
 0.14796679 0.94905495
 0.07418541 0.96635055
-0.00137500 0.97800069
-0.07829763 0.98378147
-0.15613353 0.98349652
-0.23440260 0.97698183
-0.31259541 0.96411089
-0.39017573 0.94479980
-0.46658408 0.91901243
-0.54124217 0.88676528
-0.61355834 0.84813205
-0.68293394 0.80324748
-0.74877060 0.75231053
-0.81047835 0.69558648
-0.86748434 0.63340789
-0.91924188 0.56617427
-0.96524028 0.49434882
-1.00501090 0.41846352
-1.03814680 0.33905893
-1.06425481 0.25697465
-1.08304393 0.17167209
-1.09384385 0.08883734
-1.10376696 0.00000000
