 5.82935365 0.00000000
 5.81387296 0.15568748
 5.74407296 0.38704357
 5.66819834 0.53419053
 5.56353260 0.67249831
 5.43703142 0.79113697
 5.29138050 0.88627864
 5.14799074 0.94917618
 5.01300543 0.98609744
 4.87116388 1.00379327
 4.73289626 1.00162974
 4.60085657 0.98167672
 4.46498890 0.94136393
 4.33864067 0.88334216
 4.22590681 0.81157050
 4.12897704 0.73030161
 4.03927195 0.63317182
 3.94756069 0.49784437
 3.88726782 0.35508154
 3.86207542 0.25665807
 3.83948635 0.15761670
 3.81712374 0.10076803
 3.78655297 0.04195769
 3.77360449 0.00223147
 3.77355605 0.00041165
 3.77355506 0.00000000
