 0.84753717 0.00000000
 0.83647314 0.05230422
 0.82810887 0.13700366
 0.81837907 0.19877413
 0.80254955 0.26430747
 0.78229987 0.32832912
 0.75752786 0.39111991
 0.72833900 0.45232173
 0.69479846 0.51166032
 0.65698064 0.56885138
 0.61497204 0.62360593
 0.56887457 0.67562942
 0.51880821 0.72462187
 0.46491337 0.77027845
 0.40735328 0.81229047
 0.34631646 0.85034675
 0.28201919 0.88413543
 0.21470790 0.91334636
 0.14466158 0.93767398
 0.07219384 0.95682075
-0.00234523 0.97050129
-0.07856763 0.97844698
-0.15604664 0.98041126
-0.23431665 0.97617538
-0.31287386 0.96555467
-0.39117797 0.94840516
-0.46865501 0.92463031
-0.54470144 0.89418788
-0.61868953 0.85709647
-0.68997420 0.81344157
-0.75790117 0.76338087
-0.82181640 0.70714837
-0.88107671 0.64505714
-0.93506097 0.57750054
-0.98318297 0.50494886
-1.02489756 0.42796019
-1.05973354 0.34708357
-1.08719567 0.26334423
-1.10699957 0.17543673
-1.11800730 0.09252700
-1.13118315 0.00000000
