 5.91825814 0.00000000
 5.89940343 0.17235312
 5.85176255 0.33953907
 5.79199863 0.47321088
 5.73009765 0.57492911
 5.60995674 0.71679950
 5.46802566 0.83337231
 5.30838565 0.92113653
 5.15555565 0.97383309
 5.01513753 0.99947687
 4.87122961 1.00464744
 4.73436130 0.99051448
 4.60672545 0.95971115
 4.47850503 0.90955183
 4.36189984 0.84438172
 4.25998403 0.76847814
 4.17371915 0.68597547
 4.09972219 0.59707556
 4.04187229 0.50848316
 3.99570628 0.40970373
 3.96321354 0.30186449
 3.93720850 0.18809015
 3.90519040 0.10400719
 3.87222896 0.04078678
 3.86042115 0.00165337
 3.86047603 0.00000000
