 3.00623400 0.00000000
 2.98888109 0.17635011
 2.94678341 0.33254940
 2.88746499 0.46882581
 2.81936787 0.57981003
 2.73233831 0.68627560
 2.62611207 0.78417062
 2.47127139 0.88581621
 2.31962832 0.95091128
 2.17796118 0.98696983
 1.99322492 1.00249663
 1.83402707 0.98821608
 1.69967724 0.95550209
 1.54760345 0.89287569
 1.43395478 0.82469749
 1.34827131 0.75803247
 1.25767204 0.66850474
 1.17318922 0.55925416
 1.09234363 0.41323107
 1.03203536 0.23674184
 1.00963471 0.10463325
 1.00420141 0.00000000
