 2.09030758 0.00000000
 2.10293791 0.06037595
 2.03424083 0.39913844
 1.94841693 0.53604599
 1.85126419 0.66625135
 1.73098984 0.78124471
 1.60617746 0.86782733
 1.47929637 0.93162112
 1.35515083 0.97490927
 1.23642119 1.00095671
 1.12480000 1.01284889
 1.02113432 1.01338590
 0.92569524 1.00498160
 0.83837233 0.98965630
 0.75881929 0.96906449
 0.68655608 0.94454062
 0.62103828 0.91714847
 0.56170231 0.88772819
 0.50799396 0.85693791
 0.45938528 0.82528921
 0.41538383 0.79317647
 0.37553690 0.76090091
 0.33943253 0.72868997
 0.30669853 0.69671285
 0.27700044 0.66509294
 0.25003877 0.63391765
 0.22554614 0.60324628
 0.20328423 0.57311618
 0.18304092 0.54354767
 0.16462761 0.51454792
 0.14787668 0.48611398
 0.13263925 0.45823523
 0.11878313 0.43089521
 0.10619101 0.40407318
 0.09475881 0.37774528
 0.08439431 0.35188542
 0.07501587 0.32646609
 0.06655135 0.30145894
 0.05893720 0.27683536
 0.05211767 0.25256705
 0.04604414 0.22862671
 0.04067467 0.20498903
 0.03597367 0.18163251
 0.03191193 0.15854350
 0.02846643 0.13572064
 0.02562180 0.11319319
 0.02340902 0.09139531
 0.02189480 0.07151977
 0.02081358 0.04979351
 0.01972763 0.00488480
 0.01967008 0.00000000
