 1.14734670 0.00000000
 1.14751296 0.08848051
 1.13449070 0.18238754
 1.11395476 0.27005321
 1.08534435 0.35637861
 1.04926491 0.43912951
 1.00606560 0.51791789
 0.95629130 0.59202747
 0.90051055 0.66090754
 0.83935105 0.72407085
 0.77347180 0.78112043
 0.70355389 0.83174488
 0.63028678 0.87571793
 0.55435721 0.91289468
 0.47643891 0.94320668
 0.39718403 0.96665572
 0.31721608 0.98330679
 0.23712439 0.99328070
 0.15746016 0.99674638
 0.07873382 0.99391337
 0.00141367 0.98502457
-0.07407444 0.97034947
-0.14734650 0.95017790
-0.21805901 0.92481448
-0.28590711 0.89457372
-0.35062231 0.85977581
-0.41196985 0.82074313
-0.46974601 0.77779728
-0.52377532 0.73125690
-0.57390772 0.68143583
-0.62001586 0.62864192
-0.66199255 0.57317623
-0.69974831 0.51533254
-0.73320902 0.45539744
-0.76231493 0.39364961
-0.78701471 0.33036327
-0.80726430 0.26582156
-0.82314503 0.20002951
-0.83381171 0.13541185
-0.84174946 0.06079115
-0.84982830 0.00000000
