 1.98005771 0.00000000
 1.99032489 0.08102721
 1.93677626 0.35154228
 1.86715659 0.48483955
 1.78384980 0.61164671
 1.68153564 0.72484698
 1.57181743 0.81537832
 1.45756746 0.88626328
 1.34298360 0.93869741
 1.23082563 0.97486147
 1.12308657 0.99703273
 1.02102778 1.00745248
 0.92535921 1.00818470
 0.83638178 1.00105744
 0.75410945 0.98764477
 0.67836384 0.96927506
 0.60884520 0.94705257
 0.54518373 0.92188471
 0.48697559 0.89451017
 0.43380744 0.86552552
 0.38527259 0.83540913
 0.34098122 0.80454187
 0.30056632 0.77322476
 0.26368681 0.74169372
 0.23002866 0.71013183
 0.19930481 0.67867944
 0.17125422 0.64744235
 0.14564046 0.61649863
 0.12225005 0.58590401
 0.10089070 0.55569641
 0.08138954 0.52589945
 0.06359139 0.49652543
 0.04735716 0.46757764
 0.03256228 0.43905227
 0.01909540 0.41093996
 0.00685708 0.38322703
-0.00424132 0.35589648
-0.01427861 0.32892885
-0.02332469 0.30230296
-0.03144123 0.27599658
-0.03868231 0.24998721
-0.04509485 0.22425308
-0.05071887 0.19877481
-0.05558737 0.17353908
-0.05972629 0.14854315
-0.06315352 0.12380577
-0.06583820 0.09970034
-0.06769314 0.07741255
-0.06898734 0.05333185
-0.07029994 0.00675094
-0.07040809 0.00000000
