 2.64176425 0.00000000
 2.62375510 0.18146149
 2.58143783 0.33666313
 2.52483000 0.46642281
 2.43741552 0.60428472
 2.34100219 0.71409076
 2.23783291 0.80282343
 2.13234505 0.87187393
 1.97895655 0.94247059
 1.83000303 0.98365445
 1.68992033 1.00079873
 1.51245574 0.99406637
 1.36431118 0.96360377
 1.24247670 0.92002147
 1.10297063 0.84593960
 0.96146600 0.73689113
 0.84376228 0.60702812
 0.78126385 0.51427865
 0.71792286 0.38867846
 0.67928707 0.27895230
 0.65121593 0.14904196
 0.64033556 0.00000000
