 1.44608654 0.00000000
 1.44367797 0.04636606
 1.43558161 0.12594091
 1.40972173 0.24738205
 1.36995485 0.36046333
 1.31625188 0.46736139
 1.25094470 0.56445068
 1.17611034 0.65050185
 1.09403665 0.72466890
 1.00692114 0.78668115
 0.91679317 0.83669710
 0.82544046 0.87520918
 0.73437624 0.90294548
 0.64483344 0.92078279
 0.55777856 0.92967405
 0.47393770 0.93059191
 0.39382877 0.92448725
 0.31779532 0.91226100
 0.24603921 0.89474669
 0.17865028 0.87270120
 0.11563226 0.84680162
 0.05692470 0.81764626
 0.00242097 0.78575842
-0.04801706 0.75159177
-0.09454753 0.71553658
-0.13733952 0.67792626
-0.17656613 0.63904372
-0.21239925 0.59912753
-0.24500562 0.55837759
-0.27454385 0.51696027
-0.30116227 0.47501316
-0.32499709 0.43264943
-0.34617095 0.38996197
-0.36479136 0.34702771
-0.38094879 0.30391281
-0.39471300 0.26068260
-0.40613294 0.21739460
-0.41514261 0.17442468
-0.42209699 0.12995517
-0.42725080 0.07661954
-0.42862070 0.00896744
-0.42908210 0.00000000
