 0.88714389 0.00000000
 0.87514409 0.06109059
 0.86677801 0.14068996
 0.85569997 0.20668967
 0.83862446 0.27453714
 0.81684421 0.34082976
 0.79028823 0.40564873
 0.75907309 0.46862764
 0.72329084 0.52946088
 0.68305137 0.58783567
 0.63848196 0.64343875
 0.58972954 0.69595634
 0.53696246 0.74507501
 0.48037198 0.79048289
 0.42017401 0.83187109
 0.35661057 0.86893563
 0.28995131 0.90137959
 0.22049481 0.92891575
 0.14856971 0.95126961
 0.07453551 0.96818277
-0.00121696 0.97941674
-0.07826561 0.98475705
-0.15615762 0.98401771
-0.23441070 0.97704590
-0.31251498 0.96372678
-0.38993579 0.94398837
-0.46611723 0.91780630
-0.54048666 0.88520840
-0.61246012 0.84627875
-0.68144856 0.80116124
-0.74686492 0.75006231
-0.80813194 0.69325271
-0.86469055 0.63106812
-0.91600843 0.56390868
-0.96158938 0.49223561
-1.00097915 0.41657551
-1.03378313 0.33746605
-1.05962603 0.25571519
-1.07821852 0.17090527
-1.08896264 0.08815850
-1.09835609 0.00000000
