 7.00488244 0.00000000
 6.99511184 0.11743470
 6.95551760 0.28861945
 6.85813116 0.50733864
 6.74912550 0.66018216
 6.61949156 0.78445981
 6.48312680 0.87688721
 6.29170247 0.95981628
 6.14224586 0.99461019
 5.96857677 1.00600061
 5.78341551 0.98453421
 5.63355173 0.94065638
 5.51164675 0.88447872
 5.41282127 0.82310824
 5.30902964 0.73931318
 5.21651225 0.64225110
 5.12841868 0.51250649
 5.06941119 0.36940170
 5.04690101 0.27101380
 5.03155144 0.18522264
 5.01271949 0.13263684
 4.98482480 0.09201724
 4.96033199 0.06828088
 4.93222487 0.04039258
 4.91649029 0.01303945
 4.91451785 0.00170717
 4.91448614 0.00000000
