 0.98318584 0.00000000
 0.97850567 0.07686172
 0.96956943 0.15363210
 0.95480835 0.22925372
 0.93418776 0.30358395
 0.90789035 0.37611704
 0.87604695 0.44643628
 0.83884050 0.51412090
 0.79648030 0.57876623
 0.74920667 0.63998281
 0.69728886 0.69739902
 0.64102410 0.75066319
 0.58073630 0.79944568
 0.51677460 0.84344091
 0.44951177 0.88236940
 0.37934241 0.91597959
 0.30668106 0.94404973
 0.23196005 0.96638954
 0.15562724 0.98284181
 0.07814362 0.99328378
-0.00001933 0.99762849
-0.07838230 0.99582579
-0.15646110 0.98786325
-0.23376958 0.97376683
-0.30982277 0.95360127
-0.38414001 0.92747028
-0.45624822 0.89551637
-0.52568516 0.85792054
-0.59200270 0.81490148
-0.65477010 0.76671465
-0.71357717 0.71365091
-0.76803740 0.65603496
-0.81779095 0.59422336
-0.86250748 0.52860237
-0.90188877 0.45958535
-0.93567121 0.38761039
-0.96362754 0.31313554
-0.98557123 0.23664356
-1.00134496 0.15860388
-1.01084529 0.07960403
-1.01460823 0.00000000
