 3.29591254 0.00000000
 3.26474569 0.23698050
 3.22200564 0.36983814
 3.16476617 0.49064827
 3.09539267 0.59804954
 2.98670919 0.72168366
 2.85601888 0.82813890
 2.70703794 0.91231275
 2.57566216 0.96160838
 2.44931258 0.99031303
 2.33103814 1.00202274
 2.18027868 0.99665708
 2.00167954 0.95994141
 1.86204619 0.90581929
 1.75322452 0.84536609
 1.63906358 0.76001329
 1.52968754 0.64926636
 1.44379946 0.53092926
 1.39168809 0.43568057
 1.34729598 0.32715937
 1.31808111 0.22142692
 1.30002820 0.11807395
 1.29074045 0.00000000
