 1.33105041 0.00000000
 1.32494699 0.10894845
 1.30704191 0.21654650
 1.26597754 0.35421435
 1.20636385 0.48325745
 1.13011444 0.60110605
 1.04100302 0.70424645
 0.94083817 0.79268264
 0.83216823 0.86557515
 0.66176047 0.94403934
 0.48866694 0.98788335
 0.31959511 1.00037929
 0.15943036 0.98565369
 0.01143184 0.94807215
-0.12246336 0.89180308
-0.24130419 0.82058481
-0.34481889 0.73762635
-0.43316471 0.64560057
-0.50673694 0.54668872
-0.56602860 0.44265139
-0.61153765 0.33490502
-0.64372421 0.22455959
-0.66282375 0.11287334
-0.66904720 0.00000000
