 0.87609711 0.00000000
 0.86406397 0.05867468
 0.85567672 0.13958303
 0.84499841 0.20438242
 0.82828352 0.27156457
 0.80695098 0.33720130
 0.78091705 0.40143615
 0.75029500 0.46390510
 0.71516822 0.52431215
 0.67563566 0.58235278
 0.63181222 0.63772065
 0.58383131 0.69010730
 0.53184679 0.73920285
 0.47603487 0.78469699
 0.41659592 0.82628036
 0.35375635 0.86364627
 0.28777033 0.89649282
 0.21892149 0.92452551
 0.14752439 0.94746016
 0.07392569 0.96502647
-0.00149499 0.97697184
-0.07832470 0.98306577
-0.15611736 0.98310451
-0.23439462 0.97691613
-0.31264747 0.96436577
-0.39033874 0.94536099
-0.46690651 0.91985719
-0.54176859 0.88786271
-0.61432790 0.84944367
-0.68397900 0.80472814
-0.75011547 0.75390959
-0.81213823 0.69724924
-0.86946452 0.63507724
-0.92153727 0.56779257
-0.96783535 0.49585971
-1.00787963 0.41981443
-1.04125424 0.34019918
-1.06755278 0.25787717
-1.08648364 0.17221736
-1.09732089 0.08933359
-1.10764306 0.00000000
