 0.78533648 0.00000000
 0.77896068 0.03960810
 0.77143664 0.13208092
 0.76337424 0.18784069
 0.74932063 0.24991776
 0.73117051 0.31067918
 0.70885026 0.37052396
 0.68244376 0.42911757
 0.65199072 0.48621897
 0.61752525 0.54158290
 0.57908540 0.59495589
 0.53671772 0.64607408
 0.49048106 0.69466188
 0.44044988 0.74043160
 0.38671748 0.78308335
 0.32939936 0.82230560
 0.26863686 0.85777604
 0.20460087 0.88916319
 0.13749573 0.91612857
 0.06756313 0.93832969
-0.00491403 0.95542389
-0.07960802 0.96707307
-0.15614297 0.97294946
-0.23409230 0.97274237
-0.31297685 0.96616601
-0.39226426 0.95296817
-0.47136961 0.93293989
-0.54965790 0.90592559
-0.62644843 0.87183367
-0.70102132 0.83064700
-0.77262654 0.78243293
-0.84049514 0.72735222
-0.90385304 0.66566617
-0.96193616 0.59774212
-1.01400984 0.52405011
-1.05937268 0.44519177
-1.09742934 0.36169338
-1.12743466 0.27508090
-1.14917282 0.18168280
-1.16002807 0.10072065
-1.18415906 0.00000000
