 0.85720510 0.00000000
 0.84565965 0.05446062
 0.83726793 0.13783798
 0.82723130 0.20061763
 0.81110905 0.26669922
 0.79050410 0.33125532
 0.76531810 0.39452493
 0.73565917 0.45614785
 0.70159802 0.51584296
 0.66321683 0.57331931
 0.62061115 0.62828213
 0.57389301 0.68043216
 0.52319335 0.72946594
 0.46866421 0.77507662
 0.41048093 0.81695497
 0.34884446 0.85479098
 0.28398358 0.88827574
 0.21615710 0.91710388
 0.14565587 0.94097655
 0.07280467 0.95960489
-0.00203632 0.97271405
-0.07847051 0.98004779
-0.15606431 0.98137356
-0.23434743 0.97648805
-0.31281383 0.96522313
-0.39092377 0.94745206
-0.46810682 0.92309580
-0.54376612 0.89212927
-0.61728383 0.85458729
-0.68802783 0.81057005
-0.75535969 0.76024768
-0.81864376 0.70386382
-0.87725715 0.64173774
-0.93060044 0.57426514
-0.97810956 0.50191476
-1.01926195 0.42523734
-1.05360523 0.34478068
-1.08067561 0.26151182
-1.10018424 0.17437473
-1.11114655 0.09141927
-1.12327075 0.00000000
