 1.76811824 0.00000000
 1.77253699 0.09388519
 1.74028819 0.27778091
 1.69449129 0.39680059
 1.63530504 0.51168029
 1.56256715 0.61677009
 1.48064657 0.70818643
 1.39178211 0.78619787
 1.29870498 0.85068255
 1.20364021 0.90222018
 1.10849015 0.94167815
 1.01476396 0.97013423
 0.92361564 0.98875962
 0.83588166 0.99874075
 0.75213127 1.00122328
 0.67271613 0.99727680
 0.59781670 0.98787537
 0.52748267 0.97388929
 0.46166691 0.95608471
 0.40025301 0.93512815
 0.34307721 0.91159386
 0.28994528 0.88597263
 0.24064551 0.85868095
 0.19495825 0.83007010
 0.15266295 0.80043463
 0.11354318 0.77002012
 0.07739005 0.73903016
 0.04400449 0.70763246
 0.01319863 0.67596426
-0.01520345 0.64413694
-0.04136540 0.61224003
-0.06543872 0.58034463
-0.08756301 0.54850632
-0.10786635 0.51676766
-0.12646593 0.48516026
-0.14346851 0.45370658
-0.15897107 0.42242146
-0.17306137 0.39131335
-0.18581852 0.36038546
-0.19731345 0.32963670
-0.20760936 0.29906255
-0.21676203 0.26865606
-0.22481998 0.23840908
-0.23182415 0.20831474
-0.23780733 0.17837153
-0.24279456 0.14858113
-0.24676628 0.11915736
-0.24960007 0.09114497
-0.25154276 0.06166678
-0.25351891 0.01240729
-0.25384218 0.00000000
