 0.70375442 0.00000000
 0.70111708 0.02778807
 0.69522900 0.12558404
 0.68884819 0.17442725
 0.67697712 0.23165031
 0.66136840 0.28814660
 0.64204546 0.34407073
 0.61905111 0.39915167
 0.59240202 0.45317194
 0.56209346 0.50593087
 0.52811566 0.55721953
 0.49045840 0.60681659
 0.44911566 0.65448452
 0.40408934 0.69996755
 0.35539316 0.74299010
 0.30305663 0.78325582
 0.24712941 0.82044690
 0.18768621 0.85422415
 0.12483201 0.88422753
 0.05870788 0.91007762
-0.01050292 0.93137809
-0.08256845 0.94771925
-0.15720156 0.95868317
-0.23405340 0.96385028
-0.31270745 0.96280779
-0.39267430 0.95516003
-0.47338786 0.94054080
-0.55420339 0.91862758
-0.63439820 0.88915745
-0.71317548 0.85194438
-0.78967203 0.80689712
-0.86297045 0.75403698
-0.93211622 0.69351376
-0.99613813 0.62562202
-1.05408302 0.55079164
-1.10500163 0.46969767
-1.14817043 0.38259314
-1.18223568 0.29276985
-1.20730836 0.18718646
-1.21315230 0.11839437
-1.33719004 0.00000000
