 5.70012354 0.00000000
 5.68863424 0.13382645
 5.63236490 0.34285014
 5.57159416 0.47824403
 5.48688896 0.60916411
 5.38132179 0.72735411
 5.25632297 0.82903254
 5.12862372 0.90332215
 5.00431409 0.95412916
 4.86920688 0.98877474
 4.73267499 1.00410536
 4.59772179 1.00101708
 4.45377575 0.97743395
 4.31503192 0.93303207
 4.18722221 0.87053608
 4.06273977 0.78530255
 3.98145214 0.71204234
 3.89831242 0.61743492
 3.82143258 0.50195943
 3.77331450 0.40117986
 3.73708270 0.28186345
 3.70422689 0.13933807
 3.68137143 0.07946394
 3.65269472 0.02287579
 3.64743149 0.00677712
 3.64698319 0.00000000
