 1.05998074 0.00000000
 1.05797126 0.08300436
 1.04745204 0.16630847
 1.03016979 0.24773045
 1.00615203 0.32750321
 0.97563770 0.40483267
 0.93887091 0.47921970
 0.89616393 0.55013139
 0.84786807 0.61708597
 0.79437713 0.67963805
 0.73611972 0.73738645
 0.67355459 0.78997583
 0.60716482 0.83709882
 0.53745235 0.87849707
 0.46493246 0.91396176
 0.39012849 0.94333330
 0.31356678 0.96650053
 0.23577204 0.98339935
 0.15726297 0.99401084
 0.07854845 0.99835912
 0.00012411 0.99650884
-0.07753066 0.98856244
-0.15395521 0.97465735
-0.22870968 0.95496301
-0.30137667 0.92967799
-0.37156249 0.89902705
-0.43889810 0.86325836
-0.50303967 0.82264082
-0.56366895 0.77746151
-0.62049333 0.72802334
-0.67324578 0.67464286
-0.72168459 0.61764832
-0.76559306 0.55737783
-0.80477902 0.49417774
-0.83907417 0.42840156
-0.86833593 0.36040605
-0.89243224 0.29056851
-0.91131521 0.21917467
-0.92470883 0.14701548
-0.93302031 0.07260321
-0.93858892 0.00000000
