 1.75266543 0.00000000
 1.75674594 0.09401991
 1.72566614 0.27316409
 1.68126693 0.39095730
 1.62364007 0.50478607
 1.55278051 0.60910546
 1.47274206 0.70028874
 1.38569055 0.77849383
 1.29425103 0.84354295
 1.20058893 0.89593204
 1.10657346 0.93644501
 1.01370523 0.96608203
 0.92314739 0.98594748
 0.83575731 0.99717358
 0.75213190 1.00086431
 0.67265345 0.99805907
 0.59753327 0.98971145
 0.52685038 0.97667920
 0.46058444 0.95972210
 0.39864283 0.93950492
 0.34088242 0.91660354
 0.28712654 0.89151267
 0.23717819 0.86465428
 0.19082991 0.83638599
 0.14787108 0.80700916
 0.10809327 0.77677630
 0.07129396 0.74589784
 0.03727907 0.71454808
 0.00586460 0.68287045
-0.02312247 0.65098217
-0.04984365 0.61897812
-0.07444891 0.58693436
-0.09707682 0.55491095
-0.11785486 0.52295455
-0.13689986 0.49110046
-0.15431852 0.45937448
-0.17020790 0.42779444
-0.18465601 0.39637150
-0.19774227 0.36511126
-0.20953801 0.33401478
-0.22010688 0.30307945
-0.22950514 0.27229998
-0.23778179 0.24166957
-0.24497831 0.21118232
-0.25112802 0.18083726
-0.25625654 0.15063540
-0.26034581 0.12077817
-0.26327170 0.09229274
-0.26527740 0.06237849
-0.26731435 0.01294376
-0.26766219 0.00000000
