 1.49373939 0.00000000
 1.49098625 0.05026177
 1.48204236 0.13255619
 1.45317120 0.26010158
 1.40912251 0.37760794
 1.34992764 0.48774358
 1.27854047 0.58641540
 1.19751650 0.67240155
 1.10959532 0.74497710
 1.01732119 0.80410732
 0.92296043 0.85024437
 0.82843060 0.88419098
 0.73528338 0.90697076
 0.64471944 0.91972124
 0.55762349 0.92361137
 0.47460934 0.91978239
 0.39606744 0.90930888
 0.32221030 0.89317580
 0.25311298 0.87226747
 0.18874783 0.84736499
 0.12901310 0.81914924
 0.07375595 0.78820729
 0.02279056 0.75504054
-0.02408797 0.72007378
-0.06709314 0.68366414
-0.10643926 0.64610976
-0.14233582 0.60765773
-0.17498350 0.56851140
-0.20457141 0.52883677
-0.23127522 0.48876834
-0.25525594 0.44841418
-0.27665907 0.40786063
-0.29561389 0.36717679
-0.31223260 0.32641891
-0.32660647 0.28563771
-0.33879798 0.24488205
-0.34877948 0.20428156
-0.35643567 0.16412807
-0.36434266 0.10596514
-0.36864125 0.05206195
-0.36926306 0.00565489
-0.36948188 0.00000000
