 6.23931361 0.00000000
 6.20252160 0.24463412
 6.15318896 0.38748526
 6.09052983 0.51215108
 6.01871107 0.61783090
 5.91500947 0.73186995
 5.72989802 0.86994510
 5.59871223 0.93400849
 5.46474795 0.97669353
 5.33207278 1.00001874
 5.16109283 1.00351815
 5.01858523 0.98379224
 4.88511219 0.94592620
 4.76878815 0.89530314
 4.66870820 0.83608637
 4.57513604 0.76476627
 4.43172154 0.61473091
 4.35379910 0.49315209
 4.31172565 0.39286296
 4.26708629 0.21564959
 4.24158826 0.13891042
 4.22475394 0.10615886
 4.18808079 0.04683340
 4.17744917 0.02374495
 4.17373183 0.00771913
 4.17328004 0.00000000
