 3.51378821 0.00000000
 3.49527905 0.18354945
 3.45103370 0.34538585
 3.38994561 0.48540473
 3.32058063 0.59885366
 3.23205394 0.70767096
 3.12399182 0.80775416
 2.95415618 0.91832461
 2.78330912 0.98801738
 2.61945178 1.02330441
 2.43489052 1.02994122
 2.27736699 1.00805312
 2.14603174 0.96901178
 1.99613982 0.89722160
 1.85281011 0.79333919
 1.74321410 0.67925114
 1.67359046 0.58170990
 1.61796120 0.48084126
 1.57515761 0.36736410
 1.54132703 0.24414265
 1.49749902 0.11239562
 1.46454528 0.00000000
