 0.73568252 0.00000000
 0.73209806 0.03183914
 0.72561731 0.12815469
 0.71862563 0.17961192
 0.70592439 0.23878675
 0.68934333 0.29696855
 0.66886833 0.35444998
 0.64455928 0.41093225
 0.61644150 0.46619048
 0.58452415 0.52000741
 0.54881451 0.57215695
 0.50932276 0.62240088
 0.46606645 0.67048606
 0.41907420 0.71614303
 0.36838935 0.75908509
 0.31407385 0.79900792
 0.25621242 0.83558958
 0.19491703 0.86849120
 0.13033177 0.89735826
 0.06263792 0.92182276
-0.00794066 0.94150634
-0.08113218 0.95602451
-0.15661163 0.96499215
-0.23399584 0.96803045
-0.31283923 0.96477524
-0.39263053 0.95488700
-0.47279100 0.93806223
-0.55267444 0.91404625
-0.63156972 0.88264707
-0.70870601 0.84374991
-0.78326134 0.79733181
-0.85437468 0.74347555
-0.92116169 0.68238176
-0.98273297 0.61437978
-1.03822059 0.53992298
-1.08677481 0.45965005
-1.12769821 0.37398956
-1.15993971 0.28523008
-1.18334509 0.18573720
-1.19271491 0.10996825
-1.24387147 0.00000000
