 0.69452593 0.00000000
 0.69208097 0.02670527
 0.68635286 0.12484584
 0.68013843 0.17294914
 0.66849765 0.22960176
 0.65316073 0.28560888
 0.63416131 0.34107902
 0.61153727 0.39574935
 0.58530284 0.44940419
 0.55544963 0.50184742
 0.52196339 0.55287494
 0.48482854 0.60227027
 0.44403278 0.64980052
 0.39957088 0.69521409
 0.35144852 0.73823903
 0.29968632 0.77858174
 0.24432425 0.81592629
 0.18542653 0.84993414
 0.12308702 0.88024454
 0.05743514 0.90647576
-0.01135780 0.92822730
-0.08307184 0.94508332
-0.15743152 0.95661746
-0.23409895 0.96239939
-0.31266737 0.96200313
-0.39265536 0.95501750
-0.47350243 0.94105854
-0.55456652 0.91978419
-0.63512407 0.89091070
-0.71437345 0.85423070
-0.79144249 0.80963203
-0.86540070 0.75711671
-0.93527721 0.69681809
-1.00008214 0.62901909
-1.05884639 0.55414011
-1.11060255 0.47287222
-1.15466485 0.38538200
-1.18954998 0.29542209
-1.21583391 0.18731650
-1.21881399 0.12093294
-1.40288590 0.00000000
