 5.63554666 0.00000000
 5.62570669 0.12389589
 5.57519486 0.32222438
 5.52075414 0.45186848
 5.44487076 0.57840603
 5.34894576 0.69511982
 5.23401412 0.79837114
 5.11467819 0.87679300
 4.99661158 0.93326073
 4.86629106 0.97543649
 4.73227426 0.99918661
 4.59749308 1.00468370
 4.45113300 0.99018467
 4.30734906 0.95389342
 4.17261539 0.89751257
 4.03908836 0.81635888
 3.95060024 0.74422620
 3.85931460 0.64895482
 3.77352130 0.53008657
 3.71601666 0.41764082
 3.68080124 0.31683981
 3.64357124 0.15547395
 3.62704601 0.09918860
 3.60318571 0.04956803
 3.58890299 0.02311368
 3.58366466 0.00000000
