 0.95057436 0.00000000
 0.94268987 0.07279948
 0.93416974 0.14858999
 0.92061854 0.22124769
 0.90127320 0.29325295
 0.87661575 0.36360044
 0.84669435 0.43200557
 0.81165994 0.49807447
 0.77167438 0.56143754
 0.72692696 0.62173140
 0.67763232 0.67860296
 0.62403073 0.73171083
 0.56638800 0.78072707
 0.50499533 0.82533916
 0.44016895 0.86525196
 0.37224971 0.90018986
 0.30160233 0.92989902
 0.22861460 0.95414970
 0.15369614 0.97273860
 0.07727706 0.98549132
-0.00019381 0.99226474
-0.07825091 0.99294940
-0.15641437 0.98747179
-0.23419272 0.97579651
-0.31108592 0.95792821
-0.38658877 0.93391334
-0.46019463 0.90384154
-0.53139940 0.86784673
-0.59970582 0.82610772
-0.66462788 0.77884843
-0.72569546 0.72633752
-0.78245903 0.66888753
-0.83449429 0.60685342
-0.88140684 0.54063058
-0.92283662 0.47065185
-0.95846189 0.39738618
-0.98800344 0.32132442
-1.01122825 0.24302953
-1.02791656 0.16285150
-1.03790614 0.08213005
-1.04319858 0.00000000
