 0.94102291 0.00000000
 0.93223701 0.07134852
 0.92379482 0.14722868
 0.91061710 0.21894719
 0.89163267 0.29029283
 0.86743755 0.36000730
 0.83805815 0.42785545
 0.80363774 0.49344953
 0.76432565 0.55643018
 0.72029743 0.61644175
 0.67175288 0.67313697
 0.61891665 0.72617806
 0.56203841 0.77523847
 0.50139307 0.82000463
 0.43728078 0.86017800
 0.37002679 0.89547717
 0.29998116 0.92564016
 0.22751822 0.95042690
 0.15303574 0.96962171
 0.07695391 0.98303599
-0.00028616 0.99051089
-0.07822420 0.99192006
-0.15638290 0.98717225
-0.23427054 0.97621395
-0.31138393 0.95903178
-0.38721181 0.93565467
-0.46123862 0.90615582
-0.53294870 0.87065420
-0.60183073 0.82931564
-0.66738261 0.78235348
-0.72911637 0.73002858
-0.78656343 0.67264870
-0.83927979 0.61056731
-0.88685115 0.54418169
-0.92889815 0.47392989
-0.96508057 0.40028986
-0.99510294 0.32376125
-1.01871512 0.24493619
-1.03568121 0.16409649
-1.04580348 0.08294784
-1.05160602 0.00000000
