 0.74917842 0.00000000
 0.74501429 0.03374370
 0.73826083 0.12923656
 0.73099402 0.18183044
 0.71793052 0.24181354
 0.70092840 0.30070242
 0.67995674 0.35883422
 0.65508237 0.41589920
 0.62633435 0.47166877
 0.59372819 0.52591828
 0.55727903 0.57841426
 0.51700639 0.62891140
 0.47293852 0.67715022
 0.42511601 0.72285589
 0.37359539 0.76573763
 0.31845287 0.80548851
 0.25978837 0.84178579
 0.19772984 0.87429178
 0.13243790 0.90265547
 0.06411059 0.92651496
-0.00701163 0.94550072
-0.08064097 0.95924014
-0.15643762 0.96736308
-0.23400543 0.96950883
-0.31288833 0.96533440
-0.39256790 0.95452418
-0.47246225 0.93680091
-0.55192687 0.91193780
-0.63025771 0.87977146
-0.70669693 0.84021533
-0.78044164 0.79327294
-0.85065591 0.73905033
-0.91648593 0.67776673
-0.97707752 0.60976363
-1.03160036 0.53550088
-1.07924749 0.45560603
-1.11934823 0.37054733
-1.15094892 0.28234586
-1.17388227 0.18478044
-1.18390235 0.10707668
-1.22373211 0.00000000
