 0.85592419 0.00000000
 0.84443443 0.05417415
 0.83604495 0.13772544
 0.82604981 0.20037031
 0.80996672 0.26637876
 0.78940947 0.33086337
 0.76427904 0.39406899
 0.73468323 0.45563569
 0.70069196 0.51528328
 0.66238635 0.57272171
 0.61986073 0.62765698
 0.57322576 0.67979044
 0.52261089 0.72881911
 0.46816660 0.77443637
 0.41006660 0.81633308
 0.34851016 0.85419902
 0.28372440 0.88772488
 0.21596646 0.91660463
 0.14552562 0.94053851
 0.07272519 0.95923646
-0.00207601 0.97242221
-0.07848249 0.97983786
-0.15606157 0.98124896
-0.23434356 0.97645014
-0.31282268 0.96527107
-0.39095910 0.94758270
-0.46818188 0.92330368
-0.54389324 0.89240664
-0.61747401 0.85492428
-0.68829033 0.81095484
-0.75570165 0.76066684
-0.81906985 0.70430265
-0.87776938 0.64218076
-0.93119792 0.57469657
-0.97878846 0.50231906
-1.02001551 0.42559996
-1.05442416 0.34508727
-1.08154654 0.26175555
-1.10109430 0.17451704
-1.11206339 0.09156435
-1.12432127 0.00000000
