 2.12497618 0.00000000
 2.09445839 0.24039391
 2.04626815 0.38662046
 1.98181590 0.51438781
 1.90706436 0.62242114
 1.77816193 0.75717835
 1.63587346 0.86004354
 1.49318366 0.93054265
 1.35293080 0.97472902
 1.21931411 0.99683552
 1.04072525 0.99806758
 0.88689474 0.97306121
 0.76054326 0.93320195
 0.65325434 0.88386640
 0.56283878 0.82929522
 0.45710446 0.74665240
 0.37653872 0.66569918
 0.28975244 0.55269884
 0.21394693 0.41566947
 0.17300662 0.31032816
 0.13802018 0.16724872
 0.12429850 0.00000000
