 2.20670343 0.00000000
 2.21383235 0.01781964
 2.12957080 0.45704697
 2.02393030 0.59197242
 1.91282438 0.72278295
 1.77256852 0.83747454
 1.63270087 0.91734426
 1.49409638 0.97168341
 1.36195257 1.00408368
 1.23851761 1.01896411
 1.12491990 1.02015965
 1.02141755 1.01091062
 0.92774536 0.99384764
 0.84334029 0.97106032
 0.76749158 0.94418131
 0.69943497 0.91447157
 0.63840990 0.88289573
 0.58369180 0.85018543
 0.53460892 0.81689074
 0.49054942 0.78342108
 0.45096256 0.75007734
 0.41535659 0.71707699
 0.38329487 0.68457356
 0.35439115 0.65267174
 0.32830455 0.62143897
 0.30473472 0.59091452
 0.28341725 0.56111636
 0.26411945 0.53204656
 0.24663658 0.50369537
 0.23078844 0.47604437
 0.21641637 0.44906897
 0.20338066 0.42274018
 0.19155823 0.39702608
 0.18084062 0.37189290
 0.17113227 0.34730585
 0.16234900 0.32322972
 0.15441674 0.29962947
 0.14727037 0.27647054
 0.14085284 0.25371937
 0.13511429 0.23134375
 0.13001147 0.20931350
 0.12550715 0.18760141
 0.12156985 0.16618512
 0.11817370 0.14505134
 0.11529810 0.12420024
 0.11292952 0.10367003
 0.11109641 0.08393461
 0.10984677 0.06615854
 0.10892494 0.04652581
 0.10800417 0.00355840
 0.10797513 0.00000000
