 0.91866108 0.00000000
 0.90803706 0.06748397
 0.89969220 0.14427510
 0.88740039 0.21368477
 0.86923662 0.28352930
 0.84608712 0.35178592
 0.81793198 0.41834718
 0.78490043 0.48283673
 0.74711503 0.54491859
 0.70472158 0.60425523
 0.65788741 0.66051338
 0.60680262 0.71336464
 0.55168101 0.76248690
 0.49276093 0.80756588
 0.43030598 0.84829701
 0.36460570 0.88438745
 0.29597602 0.91555850
 0.22475957 0.94154817
 0.15132566 0.96211401
 0.07606999 0.97703619
-0.00058604 0.98612076
-0.07819642 0.98920304
-0.15629209 0.98615111
-0.23438310 0.97686934
-0.31196120 0.96130185
-0.38850313 0.93943584
-0.46347444 0.91130467
-0.53633391 0.87699062
-0.60653851 0.83662712
-0.67354893 0.79040053
-0.73683552 0.73855110
-0.79588450 0.68137329
-0.85020458 0.61921510
-0.89933345 0.55247669
-0.94284456 0.48160709
-0.98035219 0.40710507
-1.01152101 0.32948872
-1.03605456 0.24942907
-1.05368649 0.16698432
-1.06409613 0.08499495
-1.07122696 0.00000000
