 0.72141594 0.00000000
 0.71831816 0.02996072
 0.71211013 0.12700524
 0.70539814 0.17728266
 0.69307328 0.23559074
 0.67693162 0.29302101
 0.65697628 0.34980929
 0.63325959 0.40566897
 0.60580297 0.46037870
 0.57460918 0.51372879
 0.53967761 0.56550088
 0.50100902 0.61546430
 0.45861009 0.66337280
 0.41249719 0.70896286
 0.36270012 0.75195252
 0.30926609 0.79204069
 0.25226393 0.82890690
 0.19178885 0.86221167
 0.12796740 0.89159751
 0.06096297 0.91669076
-0.00901854 0.93710446
-0.08172282 0.95244228
-0.15684129 0.96230393
-0.23400549 0.96629189
-0.31278203 0.96401994
-0.39266851 0.95512326
-0.47309081 0.93927033
-0.55340232 0.91617638
-0.63288561 0.88561818
-0.71075717 0.84744982
-0.78617561 0.80161877
-0.85825376 0.74818141
-0.92607501 0.68731689
-0.98871243 0.61934008
-1.04525814 0.54469544
-1.09481616 0.46403554
-1.13666566 0.37772845
-1.16963634 0.28842912
-1.19360272 0.18655127
-1.20190293 0.11344154
-1.27300658 0.00000000
