 5.68128612 0.00000000
 5.67029977 0.13086313
 5.61577265 0.33673612
 5.55692735 0.47043839
 5.47487496 0.60011770
 5.37218034 0.71795346
 5.25014796 0.82019947
 5.12486486 0.89580140
 5.00232533 0.94835090
 4.86852766 0.98526929
 4.73261939 1.00309187
 4.59760324 1.00250893
 4.45283437 0.98153969
 4.31252676 0.93942242
 4.18264546 0.87860789
 4.05550752 0.79445000
 3.97214454 0.72144108
 3.88667326 0.62657011
 3.80726486 0.51005413
 3.75710448 0.40759988
 3.71927121 0.28605766
 3.68672769 0.14439620
 3.66609081 0.08544781
 3.63764412 0.03016826
 3.62956974 0.01008786
 3.62851644 0.00000000
