 2.04816747 0.00000000
 2.06020225 0.06996196
 1.99754930 0.38009900
 1.91823928 0.51610679
 1.82640456 0.64530792
 1.71316958 0.75984903
 1.59410410 0.84824035
 1.47193150 0.91500347
 1.35124800 0.96197880
 1.23480161 0.99200623
 1.12442999 1.00786658
 1.02115965 1.01215852
 0.92544201 1.00717709
 0.83732974 0.99488361
 0.75661546 0.97691433
 0.68293276 0.95461138
 0.61582748 0.92906159
 0.55480612 0.90113628
 0.49936782 0.87152808
 0.44902450 0.84078342
 0.40331290 0.80933014
 0.36180119 0.77750052
 0.32409187 0.74555023
 0.28982234 0.71367372
 0.25866404 0.68201672
 0.23032066 0.65068623
 0.20452593 0.61975864
 0.18104122 0.58928612
 0.15965306 0.55930181
 0.14017078 0.52982390
 0.12242422 0.50085892
 0.10626170 0.47240438
 0.09154808 0.44445077
 0.07816304 0.41698328
 0.06599955 0.38998307
 0.05496252 0.36342835
 0.04496754 0.33729519
 0.03593988 0.31155827
 0.02781354 0.28619147
 0.02053050 0.26116850
 0.01404007 0.23646359
 0.00829844 0.21205257
 0.00326837 0.18791454
-0.00108072 0.16403585
-0.00477293 0.14041458
-0.00782447 0.11707607
-0.01020406 0.09443377
-0.01183732 0.07368230
-0.01299201 0.05109501
-0.01415591 0.00552273
-0.01422945 0.00000000
