 0.76513518 0.00000000
 0.76011382 0.03618528
 0.75302170 0.13050242
 0.74541517 0.18446981
 0.73191759 0.24539034
 0.71441231 0.30510924
 0.69284864 0.36400210
 0.66730127 0.42174730
 0.63780382 0.47811126
 0.60437967 0.53286039
 0.56705374 0.58575241
 0.52585710 0.63653374
 0.48083117 0.68493762
 0.43203118 0.73068327
 0.37952962 0.77347556
 0.32341985 0.81300509
 0.26381997 0.84894883
 0.20087687 0.88097132
 0.13477057 0.90872653
 0.06571862 0.93186054
-0.00601942 0.95001517
-0.08013762 0.96283257
-0.15627958 0.96996091
-0.23403496 0.97106134
-0.31293664 0.96581604
-0.39245911 0.95393754
-0.47201826 0.93517911
-0.55097292 0.90934601
-0.62862861 0.87630743
-0.70424377 0.83600852
-0.77703859 0.78848223
-0.84620682 0.73386007
-0.91093029 0.67238113
-0.97039542 0.60439950
-1.02381512 0.53038063
-1.07043072 0.45094023
-1.10960478 0.36657883
-1.14048380 0.27906821
-1.16288122 0.18348615
-1.17338974 0.10405734
-1.20457588 0.00000000
