 0.83872548 0.00000000
 0.82820803 0.05035953
 0.81989230 0.13626988
 0.81042962 0.19713772
 0.79486158 0.26217784
 0.77492685 0.32572183
 0.75052191 0.38808381
 0.72174976 0.44890777
 0.68867097 0.50792526
 0.65135333 0.56485791
 0.60987548 0.61942192
 0.56433054 0.67132705
 0.51482894 0.72027654
 0.46150086 0.76596761
 0.40449888 0.80809224
 0.34400049 0.84633849
 0.28021082 0.88039217
 0.21336528 0.90993917
 0.14373210 0.93466821
 0.07161475 0.95427434
-0.00264590 0.96846300
-0.07866988 0.97695474
-0.15603695 0.97949060
-0.23428611 0.97583812
-0.31291594 0.96579781
-0.39138610 0.94921014
-0.46911984 0.92596272
-0.54550797 0.89599761
-0.61991419 0.85931846
-0.69168198 0.81599715
-0.76014287 0.76617970
-0.82462631 0.71009097
-0.88447064 0.64803797
-0.93903494 0.58041156
-0.98771271 0.50768309
-1.02993792 0.43041714
-1.06522218 0.34916300
-1.09304020 0.26500227
-1.11311338 0.17638115
-1.12415023 0.09356429
-1.13838041 0.00000000
