 5.99103654 0.00000000
 5.96897227 0.18703308
 5.91519418 0.36378810
 5.84764320 0.50393623
 5.77762562 0.60944449
 5.64384136 0.75300589
 5.54286977 0.83183208
 5.43371511 0.89641819
 5.31836692 0.94608977
 5.15897550 0.98911776
 5.01555798 1.00476037
 4.87161599 0.99956645
 4.73741237 0.97599521
 4.61467319 0.93707800
 4.49363376 0.88010296
 4.38543095 0.81044121
 4.29219439 0.73243434
 4.19809631 0.63116258
 4.13048575 0.53639548
 4.08210185 0.44224909
 4.04565936 0.33326410
 4.00697300 0.17853325
 3.97683049 0.10055438
 3.96143601 0.07345962
 3.93411137 0.02144126
 3.93153774 0.00000000
