 4.31625604 0.00000000
 4.28441502 0.23477358
 4.23276732 0.38953880
 4.16811064 0.51712302
 4.09907985 0.61786061
 3.98894434 0.73780568
 3.87759441 0.82670734
 3.71160581 0.91928620
 3.55069983 0.97423968
 3.40097659 0.99964886
 3.22989009 1.00085100
 3.07901296 0.97706694
 2.94833840 0.93656709
 2.78989413 0.85849795
 2.68885518 0.78796026
 2.58471393 0.69244423
 2.50577505 0.59763020
 2.43779237 0.49109559
 2.38323930 0.37404650
 2.34357804 0.24889867
 2.32064943 0.14552087
 2.30515711 0.00000000
