 5.71088874 0.00000000
 5.69910360 0.13554487
 5.64181425 0.34638079
 5.57991303 0.48274574
 5.49366236 0.61435914
 5.38643194 0.73272155
 5.25972896 0.83403377
 5.13065996 0.90753362
 5.00535973 0.95731147
 4.86953852 0.99063189
 4.73269184 1.00452773
 4.59781642 1.00000958
 4.45438347 0.97494865
 4.31656538 0.92927315
 4.18995643 0.86585426
 4.06699500 0.78004783
 3.98688414 0.70667153
 3.90505407 0.61223703
 3.81560745 0.47133705
 3.76449737 0.34334344
 3.73709375 0.23176463
 3.70722733 0.11555414
 3.69008115 0.07521002
 3.66166792 0.01905633
 3.65798401 0.00669365
 3.65753488 0.00000000
