 5.96407708 0.00000000
 5.94325183 0.18148419
 5.89183129 0.35466258
 5.82728360 0.49240054
 5.76036978 0.59654856
 5.63173193 0.73962824
 5.48163321 0.85425355
 5.31505868 0.93726239
 5.15795787 0.98400022
 5.01548812 1.00341123
 4.87138461 1.00204825
 4.73603934 0.98192108
 4.61136242 0.94591444
 4.48758382 0.89132703
 4.37623797 0.82318824
 4.27983518 0.74583454
 4.13873966 0.58847388
 4.06601028 0.46656434
 4.02775959 0.36780363
 3.99050362 0.21791748
 3.96085975 0.12446422
 3.94140708 0.08523475
 3.91479180 0.03715274
 3.90524422 0.00676916
 3.90514064 0.00250176
 3.90522258 0.00000000
