 2.11544836 0.00000000
 2.12806646 0.05341200
 2.05570953 0.41101413
 1.96581604 0.54810799
 1.86551406 0.67872086
 1.74095758 0.79383998
 1.61275949 0.87917114
 1.48316401 0.94105555
 1.35708326 0.98205271
 1.23713410 1.00568321
 1.12490559 1.01520828
 1.02112704 1.01353881
 0.92595657 1.00314974
 0.83918472 0.98608776
 0.76038298 0.96401115
 0.68900550 0.93824438
 0.62445660 0.90983365
 0.56613364 0.87959791
 0.51345321 0.84817310
 0.46586594 0.81604905
 0.42286408 0.78359980
 0.38398423 0.75110797
 0.34880730 0.71878435
 0.31695662 0.68678340
 0.28809518 0.65521561
 0.26192245 0.62415718
 0.23817099 0.59365768
 0.21660318 0.56374610
 0.19700814 0.53443558
 0.17919877 0.50572714
 0.16300922 0.47761258
 0.14829245 0.45007679
 0.13491816 0.42309953
 0.12277090 0.39665682
 0.11174845 0.37072207
 0.10176032 0.34526691
 0.09272653 0.32026189
 0.08457651 0.29567709
 0.07724815 0.27148258
 0.07068704 0.24764904
 0.06484577 0.22414838
 0.05968348 0.20095474
 0.05516554 0.17804635
 0.05126354 0.15540960
 0.04795499 0.13304350
 0.04522504 0.11097948
 0.04310427 0.08966251
 0.04165501 0.07028187
 0.04061344 0.04904526
 0.03956922 0.00454558
 0.03951959 0.00000000
