 4.58266321 0.00000000
 4.56792827 0.15611858
 4.50616253 0.37036109
 4.44760837 0.49364559
 4.34569852 0.64159748
 4.24181865 0.74952046
 4.08479937 0.86430600
 3.93711408 0.93599894
 3.80308055 0.97767590
 3.67501102 0.99910626
 3.55564834 1.00398076
 3.40291931 0.98942430
 3.24269070 0.94752829
 3.11247170 0.89099572
 3.00730959 0.82768137
 2.90063260 0.74252785
 2.80398997 0.64028399
 2.72075765 0.52192138
 2.66067888 0.40354686
 2.61691326 0.27744788
 2.58648869 0.14477195
 2.56977710 0.00000000
