 3.52415839 0.00000000
 3.51111374 0.15045804
 3.45710265 0.35043581
 3.41172296 0.45445205
 3.32639133 0.59358366
 3.22634163 0.71013150
 3.07743120 0.83251626
 2.90937857 0.92364526
 2.73079049 0.98040215
 2.58372365 1.00100310
 2.45076783 1.00073766
 2.33318883 0.98569803
 2.19213926 0.94820374
 2.03672441 0.87897907
 1.92314202 0.80581877
 1.83918272 0.73573668
 1.75494793 0.64680583
 1.67762722 0.54114000
 1.60081802 0.39494930
 1.55620199 0.26485737
 1.52984710 0.13326414
 1.51804087 0.00000000
