 0.85816407 0.00000000
 0.84657866 0.05467517
 0.83818552 0.13792266
 0.82811765 0.20080342
 0.81196600 0.26693988
 0.79132522 0.33154964
 0.76609746 0.39486727
 0.73639111 0.45653237
 0.70227746 0.51626312
 0.66383949 0.57376789
 0.62117366 0.62875134
 0.57439307 0.68091372
 0.52362975 0.72995126
 0.46903691 0.77555689
 0.41079114 0.81742138
 0.34909463 0.85523483
 0.28417742 0.88868864
 0.21629955 0.91747796
 0.14575308 0.94130462
 0.07286389 0.95988065
-0.00200686 0.97293229
-0.07846172 0.98020453
-0.15606644 0.98146626
-0.23435028 0.97651571
-0.31280702 0.96518641
-0.39089699 0.94735335
-0.46805013 0.92293923
-0.54367029 0.89192065
-0.61714063 0.85433406
-0.68783034 0.81028106
-0.75510260 0.75993302
-0.81832356 0.70353451
-0.87687238 0.64140539
-0.93015178 0.57394156
-0.97759988 0.50161158
-1.01869635 0.42496548
-1.05299067 0.34455084
-1.08002209 0.26132914
-1.09950143 0.17426786
-1.11045851 0.09131098
-1.12248367 0.00000000
