 0.81954155 0.00000000
 0.81045255 0.04625288
 0.80232890 0.13473422
 0.79340902 0.19369687
 0.77839612 0.25767547
 0.75912270 0.32020415
 0.73548908 0.38165158
 0.70759225 0.44166750
 0.67548418 0.49999482
 0.63921938 0.55636749
 0.59886074 0.61051282
 0.55448344 0.66214996
 0.50617828 0.71098944
 0.45405438 0.75673334
 0.39824205 0.79907584
 0.33889575 0.83770419
 0.27619709 0.87230018
 0.21035791 0.90254220
 0.14162337 0.92810789
 0.07027491 0.94867744
-0.00336696 0.96393764
-0.07894028 0.97358674
-0.15603968 0.97733997
-0.23421521 0.97493591
-0.31297195 0.96614355
-0.39177076 0.95076989
-0.47003029 0.92866810
-0.54713048 0.89974583
-0.62241767 0.86397358
-0.69521146 0.82139271
-0.76481340 0.77212265
-0.83051736 0.71636713
-0.89162162 0.65441859
-0.94744188 0.58666117
-0.99732686 0.51356733
-1.04066394 0.43571528
-1.07692697 0.35365144
-1.10552009 0.26859352
-1.12618236 0.17836579
-1.13723554 0.09593491
-1.15417377 0.00000000
