 0.69711144 0.00000000
 0.69461543 0.02700557
 0.68884319 0.12505225
 0.68258263 0.17336229
 0.67087789 0.23017494
 0.65546541 0.28631921
 0.63637597 0.34191675
 0.61364883 0.39670245
 0.58729889 0.45046013
 0.55731877 0.50299241
 0.52369545 0.55409385
 0.48641483 0.60354660
 0.44546631 0.65111648
 0.40084666 0.69655072
 0.35256375 0.73957631
 0.30064067 0.77989886
 0.24512008 0.81720190
 0.18606910 0.85114663
 0.12358470 0.88137247
 0.05779956 0.90749828
-0.01111166 0.92912464
-0.08292563 0.94583737
-0.15736356 0.95721239
-0.23408446 0.96282231
-0.31267872 0.96224477
-0.39266259 0.95507286
-0.47347386 0.94092754
-0.55446957 0.91947216
-0.63492619 0.89042882
-0.71404320 0.85359609
-0.79095063 0.80886771
-0.86472133 0.75625116
-0.93438850 0.69588446
-0.99896689 0.62805385
-1.05749072 0.55318252
-1.10899625 0.47195658
-1.15278172 0.38456937
-1.18740479 0.29463142
-1.21326733 0.18729855
-1.21729545 0.12028043
-1.38054433 0.00000000
