 1.31503237 0.00000000
 1.30912987 0.10720325
 1.29177216 0.21318365
 1.25193638 0.34895806
 1.19402838 0.47652596
 1.11979813 0.59344296
 1.03281910 0.69624476
 0.93476246 0.78491493
 0.82803019 0.85856711
 0.65991558 0.93892857
 0.48821989 0.98524697
 0.31959472 1.00040793
 0.15900850 0.98821674
 0.00988342 0.95280312
-0.12564606 0.89819138
-0.24643036 0.82805297
-0.35201805 0.74558937
-0.44241451 0.65350689
-0.51789312 0.55404616
-0.57885320 0.44904175
-0.62572254 0.33999219
-0.65891186 0.22809302
-0.67863032 0.11466339
-0.68506386 0.00000000
