 0.84591274 0.00000000
 0.83494247 0.05194382
 0.82658537 0.13686666
 0.81690570 0.19846945
 0.80112474 0.26391146
 0.78093373 0.32784441
 0.75623008 0.39055565
 0.72711884 0.45168741
 0.69366429 0.51096655
 0.65593959 0.56810987
 0.61402975 0.62282936
 0.56803503 0.67483124
 0.51807363 0.72381614
 0.46428404 0.76947959
 0.40682750 0.81151301
 0.34589049 0.84960506
 0.28168719 0.88344342
 0.21446201 0.91271719
 0.14449193 0.93711972
 0.07208871 0.95635208
-0.00239927 0.97012715
-0.07858548 0.97817431
-0.15604438 0.98024466
-0.23431117 0.97611691
-0.31288248 0.96560364
-0.39121797 0.94855800
-0.46874311 0.92488054
-0.54485330 0.89452610
-0.61891919 0.85751056
-0.69029358 0.81391690
-0.75831955 0.76390069
-0.82234000 0.70769428
-0.88170834 0.64560963
-0.93579978 0.57803968
-0.98402440 0.50545495
-1.02583322 0.42841472
-1.06075187 0.34746817
-1.08827967 0.26365064
-1.10813319 0.17561249
-1.11914720 0.09271613
-1.13251003 0.00000000
