 6.05575984 0.00000000
 6.03046140 0.20090119
 5.97058330 0.38639817
 5.89521727 0.53234850
 5.81728569 0.64085562
 5.67074478 0.78480677
 5.56182704 0.86118561
 5.44551509 0.92133738
 5.32460267 0.96511244
 5.16044889 0.99866151
 5.01558169 1.00505613
 4.87284811 0.99079323
 4.74209384 0.95927318
 4.62453074 0.91388500
 4.51036800 0.85184813
 4.40974918 0.77919653
 4.32394851 0.70017554
 4.23816997 0.59983253
 4.15679137 0.46539919
 4.10611045 0.31794720
 4.07967429 0.20314264
 4.06039295 0.14747032
 4.03567906 0.09675863
 4.00955051 0.04929902
 3.99753545 0.02081518
 3.99465670 0.00000000
