 5.11241843 0.00000000
 5.09070344 0.18857818
 5.05435286 0.32005802
 4.99738464 0.45472314
 4.91656891 0.58782844
 4.82576517 0.69687992
 4.70685571 0.80220251
 4.56077932 0.89403664
 4.43622799 0.94756762
 4.29379945 0.98615250
 4.13773343 1.00410060
 3.95567748 0.99381977
 3.81549327 0.96251609
 3.69943324 0.91974290
 3.60427669 0.87143814
 3.49735675 0.80026056
 3.39993108 0.71537052
 3.30386634 0.60441673
 3.23850464 0.50416369
 3.18713363 0.39891206
 3.14951455 0.28983448
 3.11798067 0.15727644
 3.09629332 0.00000000
