 2.07966720 0.00000000
 2.09220690 0.06302836
 2.02505386 0.39422899
 1.94091157 0.53097489
 1.84509938 0.66096379
 1.72662018 0.77587127
 1.60325216 0.86294519
 1.47754256 0.92751707
 1.35424625 0.97175567
 1.23606521 0.99881792
 1.12473208 1.01171336
 1.02114144 1.01319295
 0.92561111 1.00564248
 0.83807228 0.99106909
 0.75821368 0.97112410
 0.68558359 0.94714499
 0.61965992 0.92020216
 0.55989627 0.89114418
 0.50575137 0.86063825
 0.45670688 0.82920496
 0.41227731 0.79724723
 0.37201485 0.76507416
 0.33551091 0.73292029
 0.30239546 0.70096113
 0.27233531 0.66932565
 0.24503164 0.63810611
 0.22021719 0.60736603
 0.19765346 0.57714642
 0.17712791 0.54747073
 0.15845135 0.51834885
 0.14145548 0.48978013
 0.12599066 0.46175592
 0.11192393 0.43426147
 0.09913719 0.40727746
 0.08752563 0.38078125
 0.07699627 0.35474777
 0.06746678 0.32915038
 0.05886435 0.30396145
 0.05112483 0.27915296
 0.04419188 0.25469709
 0.03801638 0.23056688
 0.03255591 0.20673730
 0.02777447 0.18318699
 0.02364253 0.15990226
 0.02013678 0.13688163
 0.01724167 0.11415338
 0.01498828 0.09214676
 0.01344522 0.07205548
 0.01234631 0.05011650
 0.01124164 0.00503753
 0.01118039 0.00000000
