 0.88133960 0.00000000
 0.86929175 0.05982844
 0.86091388 0.14009955
 0.85004799 0.20546752
 0.83316330 0.27296324
 0.81162040 0.33890900
 0.78534122 0.40341921
 0.75444056 0.46612876
 0.71900578 0.52673717
 0.67914093 0.58493604
 0.63496667 0.64041573
 0.58662273 0.69286528
 0.53426975 0.74197308
 0.47809100 0.78742804
 0.41829414 0.82892097
 0.35511290 0.86614640
 0.28880875 0.89880469
 0.21967239 0.92660471
 0.14802503 0.94926678
 0.07421943 0.96652614
-0.00135945 0.97813678
-0.07829429 0.98387571
-0.15613575 0.98354754
-0.23440353 0.97698934
-0.31258813 0.96407568
-0.39015347 0.94472381
-0.46654040 0.91889874
-0.54117116 0.88661804
-0.61345480 0.84795640
-0.68279359 0.80304946
-0.74859026 0.75209689
-0.81025602 0.69536452
-0.86721935 0.63318518
-0.91893493 0.56595850
-0.96489347 0.49414746
-1.00462771 0.41828354
-1.03773188 0.33890705
-1.06381456 0.25685450
-1.08258486 0.17159923
-1.09337964 0.08877189
-1.10325089 0.00000000
