 0.71090865 0.00000000
 0.70810099 0.02865056
 0.70208531 0.12615878
 0.69557232 0.17557979
 0.68351929 0.23324359
 0.66769642 0.29011855
 0.64811908 0.34639342
 0.62483393 0.40179083
 0.59785956 0.45609177
 0.56719419 0.50909199
 0.53283170 0.56057876
 0.49476621 0.61032695
 0.45299673 0.65809549
 0.40753093 0.70362543
 0.35838893 0.74663853
 0.30560732 0.78683641
 0.24924346 0.82390007
 0.18938029 0.85749007
 0.12613152 0.88724722
 0.05964725 0.91279426
-0.00988004 0.93373845
-0.08220924 0.94967533
-0.15704439 0.96019391
-0.23402851 0.96488338
-0.31273797 0.96334154
-0.39267781 0.95518515
-0.47327833 0.94006198
-0.55389363 0.91766481
-0.63380274 0.88774691
-0.71221378 0.85013867
-0.78827192 0.80476477
-0.86107152 0.75166104
-0.92967286 0.69098954
-0.99312197 0.62305336
-1.05048285 0.54828884
-1.10082643 0.46736096
-1.14342378 0.38057594
-1.17700202 0.29093693
-1.20151953 0.18698419
-1.20860176 0.11631392
-1.30509689 0.00000000
