 2.74625008 0.00000000
 2.72397906 0.20181421
 2.67285603 0.37099635
 2.60455487 0.51065002
 2.50058051 0.65522858
 2.38852645 0.76597896
 2.27121893 0.85139187
 2.15387051 0.91397825
 1.98805445 0.97173687
 1.83218787 0.99825266
 1.69001483 1.00080676
 1.51578033 0.97600494
 1.37514354 0.93193062
 1.26264657 0.87894261
 1.13714168 0.79707590
 1.01334316 0.68481448
 0.92408917 0.57415311
 0.85652780 0.46211107
 0.80803368 0.35292194
 0.77639355 0.25249917
 0.75354912 0.13470485
 0.74465448 0.00000000
