 7.14777770 0.00000000
 7.13417260 0.13989378
 7.10447958 0.26890455
 7.04899341 0.41577482
 6.96004253 0.57179611
 6.87277773 0.68160316
 6.77390755 0.77518339
 6.66779709 0.85181650
 6.56424764 0.90895083
 6.44127398 0.95776587
 6.29978972 0.99227601
 6.14345611 1.00626703
 5.97001669 0.99294375
 5.79414263 0.94728045
 5.65832248 0.88684972
 5.55177888 0.82049684
 5.46759650 0.75380824
 5.38626879 0.67362916
 5.31764467 0.58788149
 5.25910325 0.49013505
 5.21491151 0.38084998
 5.18618667 0.24927262
 5.17524718 0.18252675
 5.16643847 0.15291168
 5.15531488 0.12791991
 5.14278360 0.10776554
 5.12385458 0.08590744
 5.10296031 0.06783135
 5.05182035 0.00000000
