 0.86230245 0.00000000
 0.85056213 0.05560131
 0.84216526 0.13829252
 0.83196095 0.20161154
 0.81568162 0.26798590
 0.79488489 0.33282864
 0.76947541 0.39635465
 0.73956268 0.45820269
 0.70522059 0.51808781
 0.66653560 0.57571549
 0.62360827 0.63078785
 0.57655620 0.68300316
 0.52551629 0.73205618
 0.47064690 0.77763904
 0.41212997 0.81944237
 0.35017314 0.85715691
 0.28501192 0.89047545
 0.21691171 0.91909538
 0.14616972 0.94272158
 0.07311662 0.96106997
-0.00188216 0.97387151
-0.07842550 0.98087668
-0.15607636 0.98186050
-0.23436211 0.97662798
-0.31277573 0.96501984
-0.39077797 0.94691852
-0.46780048 0.92225422
-0.54325016 0.89101090
-0.61651455 0.85323188
-0.68696858 0.80902498
-0.75398232 0.75856676
-0.81692987 0.70210576
-0.87519914 0.63996436
-0.92820212 0.57253930
-0.97538637 0.50029832
-1.01624115 0.42378825
-1.05032395 0.34355577
-1.07718698 0.26053869
-1.09653986 0.17380348
-1.10747296 0.09084672
-1.11908077 0.00000000
