 1.42930978 0.00000000
 1.42700248 0.04504482
 1.41918085 0.12370246
 1.39429678 0.24305236
 1.35593234 0.35459038
 1.30404902 0.46031499
 1.24078332 0.55676460
 1.16806064 0.64271802
 1.08802098 0.71730283
 1.00274295 0.78018296
 0.91416898 0.83142935
 0.82403284 0.87143719
 0.73382356 0.90083798
 0.64477436 0.92041971
 0.55787034 0.93105876
 0.47386874 0.93366526
 0.39332598 0.92914179
 0.31662751 0.91835421
 0.24401742 0.90211252
 0.17562603 0.88115976
 0.11149454 0.85616694
 0.05159613 0.82773231
-0.00414615 0.79638358
-0.05584488 0.76258202
-0.10363644 0.72672769
-0.14767171 0.68916508
-0.18810874 0.65018892
-0.22510719 0.61004983
-0.25882398 0.56895961
-0.28941000 0.52709619
-0.31700763 0.48460813
-0.34174869 0.44161888
-0.36375288 0.39823084
-0.38312654 0.35452950
-0.39996187 0.31058766
-0.41433458 0.26647336
-0.42630549 0.22224650
-0.43587064 0.17807800
-0.44313032 0.13364153
-0.44908782 0.07842498
-0.45219059 0.02569544
-0.45397247 0.00000000
