 6.07734136 0.00000000
 6.05087781 0.20570059
 5.98881772 0.39416115
 5.91064749 0.54203988
 5.82993467 0.65144783
 5.67902301 0.79527004
 5.56743751 0.87062352
 5.44881466 0.92908832
 5.32619100 0.97073150
 5.16069885 1.00095657
 5.01561385 1.00423279
 4.87353445 0.98700686
 4.74414174 0.95295419
 4.62844943 0.90558272
 4.51665052 0.84207031
 4.41856368 0.76862258
 4.33513321 0.68941927
 4.22754872 0.55399282
 4.15832750 0.41740754
 4.12952605 0.32348665
 4.10969441 0.23605442
 4.09034957 0.16862855
 4.06602501 0.11311992
 4.02656072 0.04078721
 4.01738241 0.01587104
 4.01568829 0.00000000
