 0.83214226 0.00000000
 0.82208581 0.04892724
 0.81382243 0.13573493
 0.80455180 0.19593966
 0.78917623 0.26061421
 0.76947189 0.32380644
 0.74533555 0.38585204
 0.71686826 0.44639679
 0.68412744 0.50517634
 0.64717615 0.56191662
 0.60608744 0.61633768
 0.56094810 0.66815247
 0.51186164 0.71706673
 0.45895087 0.76277924
 0.40236055 0.80498267
 0.34226016 0.84336465
 0.27884666 0.87760947
 0.21234728 0.90740026
 0.14302229 0.93242176
 0.07116763 0.95236371
-0.00288279 0.96692497
-0.07875510 0.97581824
-0.15603404 0.97877554
-0.23426223 0.97555434
-0.31294031 0.96594423
-0.39152813 0.94977413
-0.46944715 0.92691984
-0.54608423 0.89731167
-0.62079694 0.86094198
-0.69292037 0.81787234
-0.76177568 0.76823980
-0.82668003 0.71226221
-0.88695801 0.65024177
-0.94195388 0.58256723
-0.99104588 0.50971053
-1.03365218 0.43224098
-1.06927149 0.35070743
-1.09735515 0.26623599
-1.11762987 0.17707284
-1.12868009 0.09435889
-1.14376860 0.00000000
