 4.88642225 0.00000000
 4.87304770 0.14681282
 4.83196770 0.30999822
 4.75481816 0.48655225
 4.69192098 0.58650046
 4.60595847 0.69057277
 4.49436174 0.79202439
 4.39439277 0.86092847
 4.27332033 0.92286356
 4.13192171 0.97146307
 3.95446007 1.00153008
 3.80738280 1.00201522
 3.67801476 0.98438889
 3.56618404 0.95484736
 3.43413245 0.90076411
 3.30716292 0.82570716
 3.17490971 0.71546506
 3.07057669 0.59321927
 3.01097027 0.50012074
 2.94470183 0.35477564
 2.90255073 0.20551716
 2.87186393 0.00000000
