 0.73693026 0.00000000
 0.73329740 0.03200965
 0.72679205 0.12825502
 0.71977538 0.17981646
 0.70704087 0.23906654
 0.69042109 0.29731389
 0.66990035 0.35485569
 0.64553921 0.41139210
 0.61736333 0.46669792
 0.58538244 0.52055523
 0.54960454 0.57273723
 0.51004066 0.62300507
 0.46670931 0.67110500
 0.41964020 0.71676705
 0.36887787 0.75970414
 0.31448561 0.79961169
 0.25654950 0.83616765
 0.19518301 0.86903324
 0.13053174 0.89785424
 0.06277855 0.92226318
-0.00785116 0.94188250
-0.08108410 0.95632876
-0.15659386 0.96521823
-0.23399603 0.96817372
-0.31284401 0.96483305
-0.39262584 0.95485889
-0.47276242 0.93795018
-0.55260767 0.91385486
-0.63145107 0.88238360
-0.70852294 0.84342430
-0.78300308 0.79695651
-0.85403275 0.74306522
-0.92073044 0.68195285
-0.98221004 0.61394994
-1.03760713 0.53951051
-1.08607597 0.45927218
-1.12692151 0.37366777
-1.15910222 0.28495838
-1.18246263 0.18565546
-1.19190466 0.10968602
-1.24178506 0.00000000
