 0.73880459 0.00000000
 0.73509711 0.03226784
 0.72855458 0.12840565
 0.72150019 0.18012394
 0.70871562 0.23948688
 0.69203758 0.29783263
 0.67144807 0.35546503
 0.64700861 0.41208267
 0.61874538 0.46745987
 0.58666899 0.52137767
 0.55078850 0.57360828
 0.51111622 0.62391184
 0.46767214 0.67203371
 0.42048760 0.71770318
 0.36960898 0.76063258
 0.31510150 0.80051692
 0.25705337 0.83703404
 0.19558028 0.86984530
 0.13083011 0.89859692
 0.06298807 0.92292225
-0.00771812 0.94244492
-0.08101292 0.95678312
-0.15656783 0.96555517
-0.23399659 0.96838638
-0.31285112 0.96491750
-0.39261838 0.95481453
-0.47271879 0.93778006
-0.55250646 0.91356594
-0.63127179 0.88198685
-0.70824689 0.84293468
-0.78261416 0.79639271
-0.85351835 0.74244926
-0.92008220 0.68130939
-0.98142453 0.61330541
-1.03668614 0.53889232
-1.08502735 0.45870611
-1.12575667 0.37318579
-1.15784675 0.28455231
-1.18114028 0.18552987
-1.19068561 0.10926806
-1.23875148 0.00000000
