 3.76025116 0.00000000
 3.75029292 0.12975347
 3.71790190 0.27615095
 3.65706329 0.43490815
 3.58837096 0.55626244
 3.46284746 0.70951092
 3.32374704 0.82555266
 3.19664802 0.90018514
 3.06418873 0.95414690
 2.92965000 0.98789037
 2.73411362 1.00316539
 2.58542693 0.98892348
 2.45956485 0.95887462
 2.35450703 0.91984469
 2.23560948 0.85797636
 2.11273792 0.76965550
 1.99703819 0.65478755
 1.90948319 0.53527711
 1.85746001 0.44122070
 1.80767640 0.31790116
 1.77951381 0.21210445
 1.75343568 0.00000000
