 3.74952268 0.00000000
 3.73979963 0.12821625
 3.70802602 0.27325037
 3.64831715 0.43075446
 3.58089217 0.55134275
 3.45743908 0.70415248
 3.32022964 0.82052135
 3.19450498 0.89590038
 3.06311847 0.95093655
 2.92929654 0.98597862
 2.73411144 1.00331586
 2.58514322 0.99064436
 2.45867193 0.96183688
 2.35283549 0.92373197
 2.23276537 0.86270581
 2.10835414 0.77492084
 1.99089098 0.66008245
 1.90181252 0.54010761
 1.84881308 0.44545158
 1.79798724 0.32105404
 1.76928573 0.21436958
 1.74274139 0.00000000
