 4.64431675 0.00000000
 4.62282319 0.19450527
 4.57443436 0.36354099
 4.49902760 0.52375499
 4.41489795 0.64885589
 4.33228158 0.74217178
 4.20015504 0.85357437
 4.06278204 0.93605961
 3.92549762 0.99247542
 3.75658179 1.03267837
 3.59607210 1.04378671
 3.44768276 1.03091314
 3.25581282 0.97952056
 3.11785495 0.91414751
 2.97452298 0.81268270
 2.82568137 0.64915559
 2.74759571 0.51235664
 2.71188489 0.40908191
 2.68876976 0.30547339
 2.67004411 0.23533090
 2.64421448 0.16789909
 2.61121069 0.10242159
 2.57408585 0.00000000
