 5.69743234 0.00000000
 5.68601604 0.13339971
 5.62999888 0.34197168
 5.56950731 0.47712329
 5.48518512 0.60786821
 5.38003130 0.72601165
 5.25545754 0.82777684
 5.12810203 0.90225935
 5.00404248 0.95331986
 4.86911772 0.98829377
 4.73266927 1.00398193
 4.59770137 1.00125137
 4.45363191 0.97803956
 4.31466024 0.93395975
 4.18655222 0.87169880
 4.06168983 0.78661323
 3.98010706 0.71338515
 3.89663686 0.61873683
 3.81939814 0.50310947
 3.77099237 0.40209024
 3.73453445 0.28245499
 3.70173967 0.14008179
 3.67919853 0.08029569
 3.65049440 0.02387328
 3.64485485 0.00718011
 3.64434511 0.00000000
