 4.30011482 0.00000000
 4.26927558 0.23093722
 4.21905059 0.38382215
 4.15620312 0.51006275
 4.08897152 0.61008524
 3.98142701 0.72977896
 3.87230801 0.81914990
 3.70889947 0.91327157
 3.54969274 0.97034587
 3.40081062 0.99802849
 3.22981095 1.00197618
 3.07822251 0.98054410
 2.94633970 0.94187451
 2.78565698 0.86558156
 2.68275100 0.79576253
 2.57632447 0.70047473
 2.49539539 0.60532010
 2.42551908 0.49793049
 2.36927866 0.37948892
 2.32849464 0.25284445
 2.30506797 0.14842078
 2.28911546 0.00000000
