 1.02176196 0.00000000
 1.02003381 0.06414520
 1.01385923 0.12811870
 1.00359014 0.19148327
 0.98927670 0.25405826
 0.97098463 0.31555942
 0.94879476 0.37573486
 0.92280628 0.43433250
 0.89313450 0.49110969
 0.85991080 0.54583234
 0.82328167 0.59827645
 0.78340792 0.64822904
 0.74046379 0.69548908
 0.69463595 0.73986835
 0.64612250 0.78119221
 0.59513190 0.81930025
 0.54188189 0.85404688
 0.48659834 0.88530181
 0.42951412 0.91295046
 0.37086796 0.93689424
 0.31090328 0.95705076
 0.24986706 0.97335397
 0.18800869 0.98575419
 0.12557889 0.99421805
 0.06282861 0.99872837
 0.00000797 0.99928401
-0.06263473 0.99589954
-0.12485399 0.98860496
-0.18640804 0.97744533
-0.24705975 0.96248030
-0.30657739 0.94378368
-0.36473551 0.92144288
-0.42131559 0.89555840
-0.47610676 0.86624324
-0.52890644 0.83362226
-0.57952091 0.79783162
-0.62776585 0.75901808
-0.67346679 0.71733837
-0.71645963 0.67295855
-0.75659098 0.62605329
-0.79371851 0.57680525
-0.82771133 0.52540435
-0.85845020 0.47204714
-0.88582784 0.41693611
-0.90974901 0.36027910
-0.93013132 0.30228799
-0.94690267 0.24318138
-0.96001179 0.18316827
-0.96939211 0.12251717
-0.97508568 0.06125595
-0.97770007 0.00000000
