 0.73724242 0.00000000
 0.73359729 0.03205248
 0.72708577 0.12828012
 0.72006283 0.17986765
 0.70731999 0.23913654
 0.69069051 0.29740029
 0.67015833 0.35495718
 0.64578415 0.41150713
 0.61759373 0.46682485
 0.58559694 0.52069224
 0.54980196 0.57288235
 0.51022002 0.62315616
 0.46686990 0.67125976
 0.41978156 0.71692306
 0.36899987 0.75985889
 0.31458840 0.79976259
 0.25663362 0.83631211
 0.19524936 0.86916866
 0.13058160 0.89797813
 0.06281359 0.92237316
-0.00782889 0.94197639
-0.08107216 0.95640466
-0.15658947 0.96527456
-0.23399610 0.96820935
-0.31284520 0.96484731
-0.39262463 0.95485168
-0.47275521 0.93792200
-0.55259089 0.91380686
-0.63142130 0.88231761
-0.70847705 0.84334280
-0.78293839 0.79686261
-0.85394714 0.74296260
-0.92062252 0.68184562
-0.98207922 0.61384250
-1.03745370 0.53940743
-1.08590123 0.45917777
-1.12672735 0.37358738
-1.15889292 0.28489058
-1.18224214 0.18563477
-1.19170180 0.10961592
-1.24127167 0.00000000
