 0.85975908 0.00000000
 0.84811054 0.05503211
 0.83971552 0.13806435
 0.82959538 0.20111366
 0.81339468 0.26734159
 0.79269404 0.33204087
 0.76739654 0.39543859
 0.73761098 0.45717402
 0.70340965 0.51696416
 0.66487685 0.57451624
 0.62211062 0.62953397
 0.57522577 0.68171683
 0.52435620 0.73076048
 0.46965711 0.77635754
 0.41130711 0.81819871
 0.34951051 0.85597434
 0.28449943 0.88937635
 0.21653599 0.91810073
 0.14591422 0.94185050
 0.07296184 0.96033917
-0.00195833 0.97329477
-0.07844743 0.98046441
-0.15607013 0.98161933
-0.23435494 0.97656035
-0.31279533 0.96512379
-0.39085178 0.94718748
-0.46795488 0.92267702
-0.54350964 0.89157185
-0.61690090 0.85391107
-0.68750005 0.80979869
-0.75467292 0.75940807
-0.81778871 0.70298533
-0.87622996 0.64085131
-0.92940297 0.57340224
-0.97674947 0.50110638
-1.01775287 0.42451253
-1.05196571 0.34416794
-1.07893228 0.26102490
-1.09836288 0.17408950
-1.10931099 0.09113145
-1.12117341 0.00000000
