 1.50471432 0.00000000
 1.50515930 0.08885887
 1.48777018 0.20998671
 1.46083043 0.30747349
 1.42411176 0.40310619
 1.37838669 0.49326513
 1.32479971 0.57686457
 1.26441846 0.65327674
 1.19845167 0.72195358
 1.12807320 0.78261409
 1.05442686 0.83516232
 0.97857921 0.87967685
 0.90150203 0.91637637
 0.82405738 0.94558984
 0.74699240 0.96772691
 0.67093956 0.98325149
 0.59642166 0.99265903
 0.52385995 0.99645768
 0.45358404 0.99515341
 0.38584269 0.98923870
 0.32081478 0.97918428
 0.25861983 0.96543362
 0.19932784 0.94839950
 0.14296815 0.92846225
 0.08953735 0.90596938
 0.03900619 0.88123603
-0.00867460 0.85454621
-0.05356923 0.82615443
-0.09575271 0.79628762
-0.13530736 0.76514719
-0.17231997 0.73291118
-0.20687953 0.69973633
-0.23907532 0.66576012
-0.26899552 0.63110270
-0.29672598 0.59586867
-0.32234941 0.56014879
-0.34594466 0.52402150
-0.36758621 0.48755432
-0.38734386 0.45080519
-0.40528241 0.41382354
-0.42146154 0.37665147
-0.43593564 0.33932464
-0.44875376 0.30187318
-0.45995935 0.26432273
-0.46958954 0.22669677
-0.47767654 0.18901016
-0.48423405 0.15130423
-0.48914799 0.11420816
-0.49255132 0.07648489
-0.49577095 0.02430171
-0.49677423 0.00000000
