 6.40691872 0.00000000
 6.35593127 0.29054931
 6.29105309 0.45073858
 6.20768924 0.58833525
 6.11410663 0.70020549
 6.02878693 0.77857368
 5.91239963 0.86074041
 5.76218264 0.93539025
 5.61373938 0.98112698
 5.46931956 1.00273035
 5.33256080 1.00404258
 5.16504017 0.97939574
 5.03223064 0.93865071
 4.91337653 0.88375292
 4.81406549 0.82148371
 4.73118387 0.75563361
 4.59199498 0.60690049
 4.51410222 0.48046170
 4.47314196 0.37428711
 4.43183136 0.20151489
 4.42280554 0.17248221
 4.40512771 0.13167850
 4.37418381 0.08223378
 4.33584476 0.00000000
