 5.72434616 0.00000000
 5.71218237 0.13771877
 5.65359233 0.35083221
 5.59024653 0.48841484
 5.50203378 0.62087779
 5.39270235 0.73942389
 5.26386129 0.84023462
 5.13309262 0.91270640
 5.00657678 0.96116392
 4.86989943 0.99280212
 4.73270221 1.00489495
 4.59796667 0.99859257
 4.45521826 0.97170216
 4.31858868 0.92446823
 4.19349679 0.85993454
 4.07243842 0.77345430
 3.99379065 0.69996055
 3.91356336 0.60575994
 3.82631290 0.46595909
 3.77681183 0.33969344
 3.74146306 0.18956792
 3.71365738 0.09716568
 3.70074312 0.06973637
 3.67831697 0.02832863
 3.67082179 0.00336429
 3.67072306 0.00000000
