 0.81654606 0.00000000
 0.80769733 0.04563253
 0.79961434 0.13449960
 0.79077478 0.19317216
 0.77584716 0.25698558
 0.75667450 0.31935803
 0.73315848 0.38066433
 0.70539511 0.44055533
 0.67343512 0.49877551
 0.63733110 0.55506074
 0.59714359 0.60914001
 0.55294514 0.66073395
 0.50482359 0.70955424
 0.45288489 0.75530381
 0.39725600 0.79767724
 0.33808788 0.83636174
 0.27555852 0.87103862
 0.20987615 0.90138523
 0.14128234 0.92707761
 0.07005509 0.94779378
-0.00348830 0.96321778
-0.07898875 0.97304451
-0.15604334 0.97698529
-0.23420394 0.97477429
-0.31297682 0.96617565
-0.39182318 0.95099117
-0.47016114 0.92906862
-0.54736909 0.90031026
-0.62279081 0.86468131
-0.69574230 0.82221823
-0.76552051 0.77303616
-0.83141381 0.71733534
-0.89271420 0.65540578
-0.94873055 0.58763039
-0.99880448 0.51448165
-1.04231594 0.43653986
-1.07873281 0.35435052
-1.10744749 0.26915455
-1.12820239 0.17866745
-1.13925139 0.09632172
-1.15667668 0.00000000
