 3.32544167 0.00000000
 3.29240469 0.24407200
 3.24737777 0.38002045
 3.18705574 0.50327812
 3.11415959 0.61220725
 3.00062027 0.73638490
 2.86509179 0.84173055
 2.71186322 0.92320416
 2.57784302 0.96931043
 2.44992826 0.99451662
 2.33106025 1.00278734
 2.18073458 0.99302659
 2.00437577 0.95145336
 1.86777228 0.89416982
 1.76209676 0.83186307
 1.65196865 0.74541342
 1.54712127 0.63480356
 1.46526449 0.51784595
 1.41575159 0.42429214
 1.37381635 0.31835427
 1.33659880 0.16485374
 1.32015208 0.00000000
