 0.86609728 0.00000000
 0.85424110 0.05645000
 0.84584388 0.13863831
 0.83551210 0.20236180
 0.81911451 0.26895602
 0.79817288 0.33401447
 0.77259454 0.39773325
 0.74249003 0.45975036
 0.70793570 0.51977792
 0.66902133 0.57751869
 0.62585130 0.63267250
 0.57854743 0.68493574
 0.52725120 0.73400188
 0.47212576 0.77956233
 0.41335801 0.82130767
 0.35116067 0.85892926
 0.28577432 0.89212125
 0.21746933 0.92058315
 0.14654765 0.94402275
 0.07334433 0.96215963
-0.00177127 0.97472914
-0.07839473 0.98148689
-0.15608647 0.98221364
-0.23437220 0.97672065
-0.31274424 0.96485529
-0.39066382 0.94650686
-0.46756423 0.92161249
-0.54285526 0.89016284
-0.61592858 0.85220755
-0.68616442 0.80786005
-0.75293925 0.75730162
-0.81563448 0.70078440
-0.87364608 0.63863298
-0.92639454 0.57124481
-0.97333605 0.49908682
-1.01396863 0.42270285
-1.04785711 0.34263859
-1.07456536 0.25981071
-1.09380223 0.17337301
-1.10471135 0.09042529
-1.11595000 0.00000000
