 0.72048907 0.00000000
 0.71741900 0.02984286
 0.71122820 0.12693052
 0.70453399 0.17713199
 0.69223332 0.23538341
 0.67611996 0.29276474
 0.65619814 0.34950782
 0.63251971 0.40532684
 0.60510581 0.46000067
 0.57395881 0.51332010
 0.53907760 0.56506728
 0.50046235 0.61501202
 0.45811903 0.66290852
 0.41206326 0.70849366
 0.36232396 0.75148580
 0.30894739 0.79158408
 0.25200138 0.82846815
 0.19158002 0.86179852
 0.12780875 0.89121751
 0.06084979 0.91635115
-0.00909215 0.93681193
-0.08176390 0.95220279
-0.15685798 0.96212247
-0.23400693 0.96617228
-0.31277819 0.96396455
-0.39266998 0.95513285
-0.47310853 0.93934382
-0.55344726 0.91631071
-0.63296838 0.88580825
-0.71088761 0.84768845
-0.78636233 0.80189680
-0.85850371 0.74848793
-0.92639306 0.68763950
-0.98910102 0.61966538
-1.04571717 0.54500938
-1.09534253 0.46432508
-1.13725509 0.37797575
-1.17027613 0.28864401
-1.19428403 0.18659559
-1.20249536 0.11368396
-1.27535785 0.00000000
