 7.24762188 0.00000000
 7.23067805 0.15741037
 7.19561223 0.29692914
 7.12954135 0.45513924
 7.02508075 0.61920887
 6.92343499 0.73137252
 6.81060087 0.82320723
 6.69250280 0.89474125
 6.57940960 0.94460637
 6.44816700 0.98287782
 6.30127694 1.00398446
 6.14368315 1.00243979
 5.97446847 0.97252050
 5.80856883 0.91228912
 5.68434147 0.84314373
 5.55086472 0.73906333
 5.44586024 0.62651812
 5.38174786 0.53350085
 5.32887652 0.42426065
 5.29654002 0.30965961
 5.27711968 0.18947018
 5.27076542 0.16316367
 5.26147972 0.13759203
 5.24842489 0.11363005
 5.23188800 0.09259862
 5.20612476 0.06979813
 5.16345809 0.03514736
 5.14807398 0.00653053
 5.14745644 0.00000000
