 0.69088411 0.00000000
 0.68850753 0.02628593
 0.68284022 0.12455566
 0.67669006 0.17236836
 0.66513851 0.22879527
 0.64990710 0.28460900
 0.63103349 0.33989930
 0.60855362 0.39440655
 0.58248080 0.44791576
 0.55280526 0.50023256
 0.51951104 0.55115472
 0.48258055 0.60046765
 0.44199910 0.64794032
 0.39775876 0.69332282
 0.34986214 0.73634465
 0.29832644 0.77671341
 0.24318789 0.81411400
 0.18450665 0.84820826
 0.12237225 0.87863533
 0.05690952 0.90501274
-0.01171492 0.92693858
-0.08328594 0.94399479
-0.15753278 0.95575193
-0.23412206 0.96177568
-0.31265113 0.96163513
-0.39264204 0.95491317
-0.47353697 0.94121909
-0.55469546 0.92020325
-0.63539426 0.89157383
-0.71483067 0.85511504
-0.79212995 0.81070646
-0.86635772 0.75834240
-0.93653829 0.69814953
-1.00167675 0.63040606
-1.06080158 0.55552822
-1.11294329 0.47421511
-1.15744992 0.38659069
-1.19276746 0.29663244
-1.21979655 0.18730234
-1.22071294 0.12167765
-1.44185397 0.00000000
