 6.67100263 0.00000000
 6.66209070 0.11429875
 6.58889843 0.37577061
 6.52624114 0.50404745
 6.44873928 0.61903679
 6.36030902 0.71794617
 6.22501304 0.82948851
 6.10829312 0.89842640
 5.95878960 0.95942215
 5.77982526 0.99831746
 5.61745266 1.00511914
 5.47156816 0.98880630
 5.34329344 0.95571793
 5.19750023 0.89467956
 5.09036442 0.83077301
 5.00026882 0.76089740
 4.91048778 0.67386088
 4.81446431 0.54711973
 4.74998415 0.41299793
 4.72566177 0.33073285
 4.70497304 0.23237054
 4.68153279 0.14995675
 4.66349584 0.11567914
 4.63593844 0.07876670
 4.60225285 0.03396903
 4.59192098 0.00000000
