 0.89919016 0.00000000
 0.88750404 0.06364026
 0.87915985 0.14198200
 0.86762829 0.20929454
 0.85014709 0.27788792
 0.82785928 0.34491590
 0.80071100 0.41038838
 0.76882297 0.47393582
 0.73229786 0.53524149
 0.69125843 0.59398331
 0.64584646 0.64984039
 0.59622459 0.70249324
 0.54257778 0.75162485
 0.48511463 0.79692200
 0.42406867 0.83807692
 0.35969960 0.87478925
 0.29229443 0.90676831
 0.22216837 0.93373575
 0.14966558 0.95542852
 0.07515951 0.97160216
-0.00094704 0.98203445
-0.07822239 0.98652928
-0.15620697 0.98492079
-0.23441487 0.97707757
-0.31233613 0.96290706
-0.38943966 0.94235981
-0.46517702 0.91543360
-0.53898689 0.88217731
-0.61030032 0.84269428
-0.67854682 0.79714515
-0.74316094 0.74574988
-0.80358955 0.68878892
-0.85929947 0.62660328
-0.90978533 0.55959366
-0.95457786 0.48821716
-0.99324951 0.41298998
-1.02542861 0.33444332
-1.05077178 0.25332920
-1.06899558 0.16943470
-1.07962308 0.08691473
-1.08808999 0.00000000
