 0.84101903 0.00000000
 0.83035076 0.05086305
 0.82202008 0.13645875
 0.81248899 0.19755988
 0.79685334 0.26272789
 0.77683740 0.32639542
 0.75233779 0.38886838
 0.72345817 0.44979020
 0.69026028 0.50889095
 0.65281358 0.56589074
 0.61119873 0.62050443
 0.56551109 0.67244064
 0.51586355 0.72140179
 0.46238891 0.76708452
 0.40524249 0.80918065
 0.34460462 0.84737839
 0.28068333 0.88136415
 0.21371686 0.91082478
 0.14397624 0.93545048
 0.07176758 0.95493818
-0.00256585 0.96899567
-0.07864198 0.97734627
-0.15603885 0.97973423
-0.23429424 0.97593062
-0.31290607 0.96573980
-0.39133397 0.94900625
-0.46900188 0.92562172
-0.54530204 0.89553235
-0.61960034 0.85874571
-0.69124320 0.81533724
-0.75956583 0.76545601
-0.82390195 0.70932933
-0.88359470 0.64726579
-0.93800833 0.57965694
-0.98654164 0.50697390
-1.02863404 0.42977957
-1.06380164 0.34862327
-1.09152709 0.26457159
-1.11153014 0.17613742
-1.12256060 0.09329154
-1.13650658 0.00000000
