 0.73599432 0.00000000
 0.73239786 0.03188165
 0.72591097 0.12817977
 0.71891306 0.17966302
 0.70620351 0.23885666
 0.68961278 0.29705485
 0.66912635 0.35455137
 0.64480429 0.41104718
 0.61667200 0.46631730
 0.58473877 0.52014433
 0.54901207 0.57230199
 0.50950230 0.62255191
 0.46622724 0.67064078
 0.41921578 0.71629903
 0.36851156 0.75923986
 0.31417688 0.79915888
 0.25629678 0.83573413
 0.19498361 0.86862676
 0.13038184 0.89748232
 0.06267315 0.92193295
-0.00791822 0.94160047
-0.08112011 0.95610068
-0.15660715 0.96504878
-0.23399587 0.96806638
-0.31284043 0.96478981
-0.39262938 0.95488008
-0.47278389 0.93803432
-0.55265780 0.91399849
-0.63154012 0.88258128
-0.70866031 0.84366857
-0.78319685 0.79723802
-0.85428927 0.74337299
-0.92105394 0.68227453
-0.98260229 0.61427231
-1.03806726 0.53981983
-1.08660012 0.45955554
-1.12750402 0.37390907
-1.15973029 0.28516208
-1.18312440 0.18571692
-1.19251253 0.10989742
-1.24334484 0.00000000
