 0.85109813 0.00000000
 0.83984093 0.05309657
 0.83146362 0.13730705
 0.82162249 0.19944701
 0.80568591 0.26518131
 0.78530662 0.32939847
 0.76038356 0.39236454
 0.73102322 0.45372061
 0.69729272 0.51318996
 0.65926927 0.57048586
 0.61704264 0.62531720
 0.57071842 0.67738771
 0.52042056 0.72639610
 0.46629369 0.77203678
 0.40850547 0.81400085
 0.34724895 0.85197749
 0.28274496 0.88565590
 0.21524447 0.91472762
 0.14503084 0.93888952
 0.07242177 0.95784718
-0.00222892 0.97131904
-0.07853005 0.97904098
-0.15605233 0.98077154
-0.23432838 0.97629762
-0.31285353 0.96544061
-0.39108762 0.94806285
-0.46845794 0.92407425
-0.54436332 0.89343888
-0.61817963 0.85618134
-0.68926652 0.81239256
-0.75697550 0.76223486
-0.82065928 0.70594585
-0.87968214 0.64384091
-0.93343094 0.57631432
-0.98132765 0.50383587
-1.02283547 0.42696094
-1.05749014 0.34623825
-1.08480817 0.26267116
-1.10450333 0.17504879
-1.11549590 0.09211552
-1.12827261 0.00000000
