 0.91309676 0.00000000
 0.90210682 0.06642657
 0.89376881 0.14359322
 0.88169661 0.21240935
 0.86373116 0.28189071
 0.84083289 0.34979167
 0.81297149 0.41603814
 0.78027347 0.48025600
 0.74285537 0.54211489
 0.70085613 0.60128175
 0.65443549 0.65742683
 0.60377547 0.71022424
 0.54908138 0.75935321
 0.49058284 0.80449962
 0.42853469 0.84535779
 0.36321779 0.88163253
 0.29493972 0.91304146
 0.22403522 0.93931764
 0.15086643 0.96021249
 0.07582274 0.97549888
-0.00067963 0.98497454
-0.07819861 0.98846562
-0.15626766 0.98583030
-0.23439774 0.97696264
-0.31207987 0.96179621
-0.38878830 0.94030772
-0.46398433 0.91252043
-0.53712078 0.87850718
-0.60764703 0.83839295
-0.67501473 0.79235695
-0.73868389 0.74063383
-0.79812949 0.68351428
-0.85284829 0.62134451
-0.90236576 0.55452501
-0.94624326 0.48350729
-0.98408333 0.40879517
-1.01554035 0.33091080
-1.04030508 0.25054717
-1.05810533 0.16769242
-1.06858064 0.08553138
-1.07607470 0.00000000
