 3.56707170 0.00000000
 3.55276073 0.15759169
 3.49451583 0.36473397
 3.44556484 0.47190886
 3.35377617 0.61416201
 3.24710772 0.73154357
 3.09011435 0.85206788
 2.91536020 0.93847837
 2.73238728 0.98849413
 2.58381453 1.00289907
 2.45110703 0.99697271
 2.33499199 0.97710620
 2.19724651 0.93433117
 2.04737133 0.86047544
 1.93909010 0.78512180
 1.85974104 0.71435007
 1.78066505 0.62583367
 1.70854437 0.52194232
 1.63738455 0.37978817
 1.59637676 0.25447604
 1.57183003 0.12701358
 1.56083600 0.00000000
