 7.07226944 0.00000000
 7.06081616 0.12765588
 7.03463634 0.24906934
 6.98601599 0.38767842
 6.90738289 0.53718862
 6.82991754 0.64428801
 6.74119627 0.73782095
 6.64418367 0.81688570
 6.54819261 0.87815000
 6.43247858 0.93363092
 6.29663980 0.97730034
 6.14323769 1.00258983
 5.96880251 1.00231481
 5.78720968 0.96903751
 5.64349260 0.91679250
 5.52865499 0.85524384
 5.43679903 0.79087900
 5.34138614 0.70566177
 5.24052553 0.58526826
 5.16551880 0.44998862
 5.13226646 0.35438527
 5.11243782 0.26032832
 5.09501754 0.16803325
 5.06171607 0.10203955
 5.01658589 0.05831898
 4.98373225 0.01932648
 4.97930992 0.00000000
