 0.93725945 0.00000000
 0.92813248 0.07074345
 0.91971499 0.14670822
 0.90668575 0.21804832
 0.88784190 0.28913694
 0.86382651 0.35860341
 0.83465771 0.42623303
 0.80047605 0.49164028
 0.76142607 0.55446979
 0.71767808 0.61436896
 0.66942621 0.67099285
 0.61688904 0.72400519
 0.56031007 0.77308003
 0.49995786 0.81790355
 0.43612629 0.85817598
 0.36913453 0.89361379
 0.29932684 0.92395196
 0.22707224 0.94894649
 0.15276379 0.96837699
 0.07681763 0.98204939
-0.00032827 0.98979877
-0.07821585 0.99149217
-0.15636899 0.98703142
-0.23429604 0.97635588
-0.31149272 0.95944501
-0.38744553 0.93632081
-0.46163555 0.90704989
-0.53354263 0.87174517
-0.60265002 0.83056725
-0.66844927 0.78372513
-0.73044539 0.73147642
-0.78816224 0.67412686
-0.84114795 0.61202919
-0.88898030 0.54558132
-0.93127213 0.47522329
-0.96767581 0.40143658
-0.99788933 0.32472417
-1.02165533 0.24569041
-1.03873206 0.16458585
-1.04890509 0.08327961
-1.05491750 0.00000000
