 4.25976918 0.00000000
 4.23131012 0.22157411
 4.18447050 0.36982321
 4.12594175 0.49269306
 4.06304846 0.59083407
 3.96181569 0.70967878
 3.85822561 0.79996554
 3.70135128 0.89758032
 3.54661833 0.95967567
 3.40013445 0.99288712
 3.22973516 1.00366262
 3.07669295 0.98822460
 2.94202116 0.95432125
 2.77592022 0.88279969
 2.66836617 0.81502648
 2.55614727 0.72056621
 2.46302102 0.61551195
 2.40309919 0.52835420
 2.33467299 0.39340253
 2.29090873 0.26291187
 2.26616477 0.15579745
 2.24901346 0.00000000
