 0.90720687 0.00000000
 0.89588155 0.06527006
 0.88754450 0.14289472
 0.87570302 0.21107685
 0.85794470 0.28017864
 0.83530809 0.34770694
 0.80775247 0.41362324
 0.77540172 0.47755551
 0.73836631 0.53917926
 0.69677816 0.59816611
 0.65078922 0.65419006
 0.60057315 0.70692791
 0.54632650 0.75606040
 0.48826985 0.80127372
 0.42664889 0.84226120
 0.36173545 0.87872532
 0.29382831 0.91038003
 0.22325391 0.93695341
 0.15036678 0.95819058
 0.07554959 0.97385691
-0.00078705 0.98374156
-0.07820540 0.98766108
-0.15624173 0.98546340
-0.23440820 0.97703169
-0.31219526 0.96228842
-0.38907475 0.94119920
-0.46450368 0.91377654
-0.53792875 0.88008317
-0.60879148 0.84023501
-0.67653403 0.79440350
-0.74060557 0.74281721
-0.80046915 0.68576261
-0.85560888 0.62358385
-0.90553720 0.55668162
-0.94980257 0.48550989
-0.98799489 0.41057777
-1.01975758 0.33241145
-1.04476731 0.25172819
-1.06274654 0.16843553
-1.07328846 0.08611005
-1.08118278 0.00000000
