 1.38701630 0.00000000
 1.38488110 0.04178272
 1.37765903 0.11824953
 1.35503666 0.23243608
 1.31998896 0.34012593
 1.27245483 0.44283020
 1.21411971 0.53750095
 1.14656420 0.62295675
 1.07158210 0.69828984
 0.99096320 0.76303497
 0.90642756 0.81707640
 0.81955895 0.86059190
 0.73176486 0.89398851
 0.64425596 0.91784059
 0.55804174 0.93283354
 0.47393803 0.93971564
 0.39258250 0.93925916
 0.31445456 0.93223031
 0.23989728 0.91936757
 0.16913921 0.90136689
 0.10231508 0.87887260
 0.03948445 0.85247272
-0.01935183 0.82269757
-0.07423757 0.79002068
-0.12524939 0.75486133
-0.17248699 0.71758803
-0.21606521 0.67852255
-0.25610764 0.63794426
-0.29274164 0.59609431
-0.32609425 0.55317979
-0.35628911 0.50937758
-0.38344381 0.46483782
-0.40766754 0.41968717
-0.42905842 0.37403185
-0.44770010 0.32796077
-0.46365548 0.28155289
-0.47696550 0.23486423
-0.48756607 0.18814364
-0.49567231 0.14022838
-0.50208443 0.08039273
-0.50482706 0.01446806
-0.50565224 0.00000000
