 0.89829414 0.00000000
 0.88657501 0.06345448
 0.87822954 0.14188267
 0.86673226 0.20909769
 0.84928169 0.27763484
 0.82703231 0.34460743
 0.79992892 0.41003073
 0.76809187 0.47353546
 0.73162301 0.53480574
 0.69064412 0.59352020
 0.64529584 0.64935851
 0.59573963 0.70200160
 0.54215917 0.75113272
 0.48476175 0.79643872
 0.42377955 0.83761175
 0.35947094 0.87435114
 0.29212163 0.90636571
 0.22204557 0.93337643
 0.14958576 0.95511935
 0.07511463 0.97134895
-0.00096590 0.98184177
-0.07822486 0.98640031
-0.15620315 0.98485716
-0.23441512 0.97707932
-0.31235075 0.96297255
-0.38947869 0.94248572
-0.46524989 0.91561497
-0.53910216 0.88240761
-0.61046543 0.84296557
-0.67876777 0.79744826
-0.74344212 0.74607466
-0.80393356 0.68912452
-0.85970696 0.62693849
-0.91025498 0.55991726
-0.95510634 0.48851823
-0.99383151 0.41325841
-1.02605714 0.33466951
-1.05143756 0.25350756
-1.06968875 0.16954541
-1.08032543 0.08700584
-1.08885843 0.00000000
