 2.29717457 0.00000000
 2.30672791 0.01711326
 2.15813724 0.61204847
 1.98189630 0.75645372
 1.80915381 0.88571011
 1.61161835 0.97477654
 1.43253114 1.01868461
 1.26912824 1.03263225
 1.12455509 1.02520392
 0.99800024 1.00328047
 0.88799020 0.97185375
 0.79266323 0.93445853
 0.71014434 0.89356952
 0.63868826 0.85089625
 0.57673712 0.80760549
 0.52293352 0.76448066
 0.47611052 0.72203518
 0.43527317 0.68059299
 0.39957693 0.64034535
 0.36830667 0.60139125
 0.34085739 0.56376589
 0.31671731 0.52746097
 0.29545320 0.49243910
 0.27669803 0.45864391
 0.26014050 0.42600730
 0.24551632 0.39445445
 0.23260090 0.36390741
 0.22120336 0.33428760
 0.21116146 0.30551765
 0.20233752 0.27752276
 0.19461507 0.25023208
 0.18789609 0.22358028
 0.18209894 0.19751004
 0.17715694 0.17197740
 0.17301677 0.14695807
 0.16964050 0.12248105
 0.16704873 0.09907402
 0.16527996 0.07798679
 0.16395931 0.05463750
 0.16268283 0.00339694
 0.16265642 0.00000000
