 0.92274528 0.00000000
 0.91241706 0.06823695
 0.90406306 0.14478921
 0.89160941 0.21463047
 0.87329851 0.28474430
 0.84996222 0.35326401
 0.82158856 0.42005791
 0.78830896 0.48474789
 0.75025056 0.54699377
 0.70756434 0.60645472
 0.66042331 0.66279489
 0.60902366 0.71568410
 0.55358553 0.76479928
 0.49435376 0.80982615
 0.43159849 0.85046101
 0.36561567 0.88641290
 0.29672744 0.91740594
 0.22528219 0.94318188
 0.15165451 0.96350293
 0.07624465 0.97815473
-0.00052222 0.98694955
-0.07819729 0.98972955
-0.15630979 0.98637013
-0.23436919 0.97678329
-0.31186794 0.96092091
-0.38828472 0.93877787
-0.46308831 0.91039491
-0.53574197 0.87586116
-0.60570834 0.83531617
-0.67245482 0.78895144
-0.73545932 0.73701122
-0.79421638 0.67979262
-0.84824341 0.61764486
-0.89708702 0.55096772
-0.94032943 0.48020838
-0.97759350 0.40586184
-1.00855130 0.32844309
-1.03291549 0.24860760
-1.05042443 0.16646132
-1.06078429 0.08460780
-1.06765727 0.00000000
