 4.63641947 0.00000000
 4.61984658 0.16571219
 4.55214415 0.38920669
 4.48784137 0.51688474
 4.37661821 0.66811265
 4.26462542 0.77603170
 4.09766150 0.88720162
 3.94333031 0.95314284
 3.80533757 0.98840139
 3.67532446 1.00310290
 3.55576535 1.00160775
 3.40499559 0.97910191
 3.24945252 0.92973939
 3.12493393 0.86834961
 3.02568322 0.80224014
 2.92615535 0.71576132
 2.83691683 0.61418865
 2.76088502 0.49865946
 2.70656620 0.38470535
 2.66688145 0.26375743
 2.63845777 0.13506478
 2.62324759 0.00000000
