 4.24901212 0.00000000
 4.22115896 0.21913139
 4.17518232 0.36616023
 4.11775706 0.48813016
 4.05598235 0.58574889
 3.95639150 0.70431707
 3.85426154 0.79478792
 3.69914545 0.89324722
 3.54565552 0.95661186
 3.39987979 0.99125687
 3.22973221 1.00383928
 3.07638246 0.99002286
 2.94102576 0.95743395
 2.77352745 0.88726351
 2.66474258 0.82009669
 2.55096019 0.72592129
 2.45632542 0.62070158
 2.39532743 0.53314060
 2.32551830 0.39718657
 2.28091696 0.26564711
 2.25580328 0.15779586
 2.23832010 0.00000000
