 3.82731622 0.00000000
 3.81577088 0.13973609
 3.77925556 0.29484497
 3.71084260 0.46155976
 3.63375203 0.58755734
 3.54470429 0.69441685
 3.44682608 0.78384124
 3.34374436 0.85618049
 3.20823567 0.92548262
 3.06948344 0.97216059
 2.93105664 0.99739820
 2.73432451 0.99963624
 2.58813190 0.97579381
 2.46661023 0.93835947
 2.36675382 0.89398923
 2.25537834 0.82746058
 2.14210569 0.73645808
 2.03710209 0.62198660
 1.96502787 0.51695369
 1.90306484 0.39249210
 1.85501674 0.24880668
 1.81876234 0.00000000
