 0.76771662 0.00000000
 0.76253841 0.03660142
 0.75539057 0.13070559
 0.74772748 0.18489850
 0.73415922 0.24596869
 0.71657205 0.30582125
 0.69491216 0.36483641
 0.66925550 0.42269077
 0.63963640 0.47914986
 0.60607960 0.53397860
 0.56861163 0.58693332
 0.52726548 0.63775910
 0.48208476 0.68618802
 0.43312710 0.73193839
 0.38046763 0.77471440
 0.32420250 0.81420634
 0.26445277 0.85009121
 0.20136840 0.88203396
 0.13513252 0.90968946
 0.06596580 0.93270518
-0.00586915 0.95072484
-0.08006354 0.96339304
-0.15625841 0.97036099
-0.23404122 0.97129340
-0.31294321 0.96587654
-0.39243786 0.95382746
-0.47194081 0.93490432
-0.55081159 0.90891747
-0.62835738 0.87574122
-0.70383931 0.83532571
-0.77648137 0.78770844
-0.84548208 0.73302485
-0.91002896 0.67151705
-0.96931489 0.60354097
-1.02255964 0.52956280
-1.06901206 0.45019641
-1.10804014 0.36594642
-1.13880527 0.27854948
-1.16111734 0.18326437
-1.17168426 0.10360351
-1.20177926 0.00000000
