 0.84298007 0.00000000
 0.83218741 0.05129517
 0.82384525 0.13662137
 0.81425506 0.19792290
 0.79856136 0.26320052
 0.77847556 0.32697410
 0.75389452 0.38954230
 0.72492247 0.45054805
 0.69162216 0.50972017
 0.65406450 0.56677743
 0.61233188 0.62143354
 0.56652162 0.67339618
 0.51674872 0.72236702
 0.46314824 0.76804228
 0.40587787 0.81011359
 0.34512040 0.84826934
 0.28108629 0.88219644
 0.21401627 0.91158263
 0.14418373 0.93611934
 0.07189706 0.95550515
-0.00249841 0.96944989
-0.07861885 0.97767928
-0.15604083 0.97994031
-0.23430110 0.97600709
-0.31289704 0.96568727
-0.39128828 0.94882880
-0.46889936 0.92532695
-0.54512377 0.89513137
-0.61932929 0.85825293
-0.69086489 0.81477012
-0.75906891 0.76483463
-0.82327876 0.70867579
-0.88284169 0.64660356
-0.93712633 0.57901007
-0.98553602 0.50636620
-1.02751482 0.42923341
-1.06258267 0.34816099
-1.09022894 0.26420289
-1.11017206 0.17592787
-1.12119639 0.09305991
-1.13490499 0.00000000
