 1.94032495 0.00000000
 1.91916656 0.20050728
 1.86199719 0.38646380
 1.78424450 0.53568107
 1.68669305 0.66529529
 1.57428713 0.77348241
 1.45607871 0.85717237
 1.33421071 0.91984023
 1.21238996 0.96313655
 1.04018349 0.99611521
 0.88244469 0.99963682
 0.74577650 0.98233787
 0.62432230 0.95029722
 0.51781765 0.90800822
 0.38812918 0.83548269
 0.28545308 0.75756577
 0.17088678 0.64069869
 0.06723702 0.48982671
 0.00979209 0.36895310
-0.02795028 0.25343441
-0.04963932 0.14604213
-0.06009559 0.00000000
