 1.22661474 0.00000000
 1.21585235 0.14694963
 1.17887524 0.30569924
 1.12438805 0.44081733
 1.06056517 0.55215779
 0.94201077 0.69902083
 0.80177799 0.81833468
 0.64685943 0.90770514
 0.48401456 0.96659569
 0.31931208 0.99597761
 0.15786523 0.99790475
 0.00374519 0.97510112
-0.13997657 0.93061126
-0.27110658 0.86753676
-0.38817098 0.78885850
-0.49025130 0.69733317
-0.57683312 0.59544714
-0.64767693 0.48541093
-0.70270947 0.36918821
-0.74197903 0.24846790
-0.76540873 0.12518942
-0.77298469 0.00000000
