 3.53488589 0.00000000
 3.52153442 0.15221412
 3.46649428 0.35396736
 3.42024714 0.45877051
 3.33333670 0.59869882
 3.23165575 0.71548758
 3.08073308 0.83746184
 2.91098480 0.92746733
 2.73125468 0.98258102
 2.58376283 1.00164811
 2.45082382 0.99996494
 2.33357302 0.98370515
 2.19331161 0.94486005
 2.03925694 0.87442948
 1.92699585 0.80068053
 1.84419670 0.73039581
 1.76126950 0.64154149
 1.68527434 0.53630075
 1.60991075 0.39111077
 1.56622428 0.26222479
 1.54033710 0.13168396
 1.52873935 0.00000000
