 4.71977589 0.00000000
 4.69995782 0.18156405
 4.62189934 0.41986926
 4.54760041 0.55428153
 4.42078104 0.70960558
 4.29566600 0.81621880
 4.11349897 0.91980823
 3.94982806 0.97536066
 3.80696753 0.99973998
 3.67537583 1.00365052
 3.55685209 0.99235578
 3.41070903 0.95814905
 3.26366136 0.89848995
 3.14855632 0.83088434
 3.05857663 0.76162651
 2.96976905 0.67428426
 2.89130907 0.57467937
 2.82553806 0.46412522
 2.77919840 0.35708631
 2.74496203 0.24356943
 2.71920396 0.12053133
 2.70613760 0.00000000
