 3.86219837 0.00000000
 3.84974239 0.14518958
 3.81088877 0.30496066
 3.73816661 0.47588665
 3.65637741 0.60417348
 3.56245607 0.71183195
 3.45998782 0.80072559
 3.35279934 0.87145211
 3.21308411 0.93752893
 3.07138017 0.98004902
 2.93136438 1.00063455
 2.73469927 0.99605676
 2.59028462 0.96741071
 2.47135402 0.92641684
 2.37439686 0.87958294
 2.26702543 0.81103861
 2.15870190 0.71907771
 2.05897761 0.60516022
 1.99105152 0.50183342
 1.93297389 0.38037050
 1.88763985 0.24020087
 1.85349161 0.00000000
