 0.82684859 0.00000000
 0.81718772 0.04779185
 0.80897676 0.13531136
 0.79985609 0.19498995
 0.78463372 0.25937173
 0.76511191 0.32228380
 0.74118845 0.38407708
 0.71296274 0.44439890
 0.68048983 0.50298805
 0.64382911 0.55957388
 0.60304927 0.61387948
 0.55823217 0.66562043
 0.50947587 0.71450443
 0.45689737 0.76023165
 0.40063530 0.80249531
 0.34085278 0.84098285
 0.27774025 0.87537744
 0.21151847 0.90536014
 0.14244133 0.93061260
 0.07079869 0.95082048
-0.00308115 0.96567747
-0.07882929 0.97489012
-0.15603455 0.97818334
-0.23424261 0.97530658
-0.31295589 0.96604074
-0.39163455 0.95020552
-0.46969880 0.92766720
-0.54653247 0.89834660
-0.62148832 0.86222697
-0.69389488 0.81936142
-0.76306501 0.76987974
-0.82830607 0.71399390
-0.88893159 0.65200212
-0.94427388 0.58429131
-0.99369881 0.51133372
-1.03661174 0.43370241
-1.07250094 0.35194549
-1.10079836 0.26722645
-1.12123554 0.17762085
-1.13229083 0.09501154
-1.14812032 0.00000000
