 2.08675239 0.00000000
 2.09935788 0.06128076
 2.03117753 0.39749036
 1.94591823 0.53434914
 1.84921305 0.66448503
 1.72953972 0.77945185
 1.60520930 0.86620119
 1.47871821 0.93025702
 1.35485447 0.97386409
 1.23630600 1.00025123
 1.12477900 1.01247862
 1.02113656 1.01333005
 0.92566547 1.00521018
 0.83826923 0.99013504
 0.75861322 0.96975816
 0.68622686 0.94541508
 0.62057312 0.91817186
 0.56109414 0.88887149
 0.50724000 0.85817517
 0.45848590 0.82659749
 0.41434172 0.79453570
 0.37435635 0.76229364
 0.33811891 0.73010113
 0.30525795 0.69812948
 0.27543940 0.66650391
 0.24836399 0.63531348
 0.22376436 0.60461887
 0.20140213 0.57445865
 0.18106504 0.54485419
 0.16256428 0.51581354
 0.14573199 0.48733453
 0.13041905 0.45940718
 0.11649300 0.43201561
 0.10383627 0.40513956
 0.09234454 0.37875553
 0.08192533 0.35283781
 0.07249676 0.32735916
 0.06398648 0.30229147
 0.05633074 0.27760632
 0.04947358 0.25327557
 0.04336622 0.22927204
 0.03796656 0.20557050
 0.03323889 0.18214949
 0.02915387 0.15899537
 0.02568839 0.13610672
 0.02282702 0.11351248
 0.02060079 0.09164520
 0.01907702 0.07169798
 0.01798995 0.04990101
 0.01689782 0.00493521
 0.01683905 0.00000000
