 5.60057768 0.00000000
 5.59154650 0.11878331
 5.54391185 0.31144133
 5.49259121 0.43804040
 5.42116535 0.56207334
 5.33021563 0.67769963
 5.22059260 0.78138334
 5.10585320 0.86161564
 4.99134963 0.92077760
 4.86394390 0.96670422
 4.73171992 0.99483841
 4.59748767 1.00495437
 4.45030866 0.99548850
 4.30420131 0.96389196
 4.16595548 0.91123172
 4.02763200 0.83275406
 3.93515754 0.76156042
 3.83929734 0.66623199
 3.74836238 0.54573550
 3.68665428 0.43033506
 3.64855767 0.32605448
 3.61027120 0.16332770
 3.58602793 0.08402410
 3.57661498 0.06445909
 3.55817458 0.03096570
 3.54936231 0.00000000
