 7.08844664 0.00000000
 7.07655710 0.13020687
 7.04966058 0.25322416
 6.99964563 0.39357669
 6.91889890 0.54450336
 6.83941515 0.65223706
 6.74855993 0.74587047
 6.64960341 0.82451215
 6.55198140 0.88498824
 6.43465558 0.93914275
 6.29750515 0.98093210
 6.14333823 1.00385156
 5.96895174 1.00076680
 5.78843758 0.96475103
 5.64633041 0.91064262
 5.53324793 0.84795575
 5.44304620 0.78300601
 5.35492227 0.70320580
 5.27917734 0.61604616
 5.21296170 0.51438340
 5.16169657 0.39814526
 5.12821524 0.25789207
 5.11815368 0.19503369
 5.10773108 0.15694633
 5.09204368 0.12265749
 5.07135248 0.09396990
 5.02382963 0.05034599
 4.99485230 0.00000000
