 0.82020683 0.00000000
 0.81106484 0.04639152
 0.80293254 0.13478646
 0.79399466 0.19381381
 0.77896277 0.25782910
 0.75966690 0.32039255
 0.73600706 0.38187136
 0.70808050 0.44191506
 0.67593943 0.50026618
 0.63963881 0.55665827
 0.59924204 0.61081825
 0.55482492 0.66246493
 0.50647888 0.71130859
 0.45431376 0.75705114
 0.39846062 0.79938667
 0.33907471 0.83800242
 0.27633843 0.87258031
 0.21046442 0.90279898
 0.14169865 0.92833640
 0.07032332 0.94887326
-0.00334035 0.96409697
-0.07892975 0.97370652
-0.15603899 0.97741802
-0.23421771 0.97497104
-0.31297073 0.96613563
-0.39175885 0.95071996
-0.47000084 0.92857839
-0.54707699 0.89961977
-0.62233420 0.86381577
-0.69509289 0.82120882
-0.76465562 0.77191933
-0.83031751 0.71615176
-0.89137820 0.65419911
-0.94715493 0.58644577
-0.99699799 0.51336420
-1.04029638 0.43553213
-1.07652530 0.35349618
-1.10509144 0.26846899
-1.12573318 0.17829850
-1.13678701 0.09584968
-1.15361978 0.00000000
