 0.94131234 0.00000000
 0.93255306 0.07139427
 0.92410883 0.14726909
 0.91091971 0.21901651
 0.89192443 0.29038198
 0.86771543 0.36011556
 0.83831976 0.42798054
 0.80388092 0.49358900
 0.76454859 0.55658127
 0.72049874 0.61660145
 0.67193161 0.67330211
 0.61907231 0.72634536
 0.56217101 0.77540459
 0.50150310 0.82016626
 0.43736920 0.86033193
 0.37009504 0.89562035
 0.30003113 0.92576978
 0.22755219 0.95054046
 0.15305639 0.96971706
 0.07696418 0.98311143
-0.00028306 0.99056518
-0.07822489 0.99195245
-0.15638393 0.98718255
-0.23426846 0.97620251
-0.31137536 0.95899948
-0.38719356 0.93560296
-0.46120776 0.90608663
-0.53290263 0.87056992
-0.60176730 0.82921908
-0.66730012 0.78224776
-0.72901370 0.72991706
-0.78644003 0.67253491
-0.83913568 0.61045483
-0.88668701 0.54407404
-0.92871521 0.47383044
-0.96488065 0.40020172
-0.99488836 0.32368725
-1.01848873 0.24487825
-1.03544635 0.16405882
-1.04556467 0.08292255
-1.05135129 0.00000000
