 0.85271072 0.00000000
 0.84137193 0.05345625
 0.83298987 0.13744589
 0.82309769 0.19975405
 0.80711234 0.26557971
 0.78667388 0.32988591
 0.76168189 0.39293176
 0.73224326 0.45435801
 0.69842606 0.51388678
 0.66030878 0.57123024
 0.61798271 0.62609633
 0.57155510 0.67818797
 0.52115174 0.72720331
 0.46691920 0.77283641
 0.40902714 0.81477827
 0.34767068 0.85271829
 0.28307275 0.88634612
 0.21548638 0.91535414
 0.14519688 0.93944028
 0.07252385 0.95831161
-0.00217723 0.97168830
-0.07851372 0.97930829
-0.15605522 0.98093246
-0.23433355 0.97635028
-0.31284365 0.96538590
-0.39104547 0.94790452
-0.46836686 0.92381897
-0.54420778 0.89309619
-0.61794575 0.85576349
-0.68894256 0.81191425
-0.75655237 0.76171286
-0.82013095 0.70539855
-0.87904597 0.64328774
-0.93268792 0.57577510
-0.98048243 0.50333014
-1.02189651 0.42650707
-1.05646902 0.34585437
-1.08372173 0.26236567
-1.10336763 0.17487188
-1.11435273 0.09193053
-1.12695334 0.00000000
