 1.19166754 0.00000000
 1.19127422 0.01332744
 1.19088489 0.02610024
 1.18951893 0.05067319
 1.18513151 0.09722462
 1.17037263 0.18925142
 1.14716510 0.28062952
 1.11553067 0.36910432
 1.07581307 0.45364722
 1.02858955 0.53336713
 0.97454193 0.60753884
 0.91443181 0.67556185
 0.84906888 0.73696265
 0.77928768 0.79139141
 0.70592639 0.83861737
 0.62980879 0.87852108
 0.55172909 0.91108436
 0.47243986 0.93637865
 0.39264302 0.95455240
 0.31298377 0.96581824
 0.23404703 0.97044046
 0.15635620 0.96872323
 0.08037372 0.96099973
 0.00650319 0.94762264
-0.06490751 0.92895576
-0.13356227 0.90536707
-0.19921225 0.87722289
-0.26165125 0.84488338
-0.32071093 0.80869894
-0.37625614 0.76900773
-0.42818048 0.72613383
-0.47640211 0.68038624
-0.52086003 0.63205837
-0.56151074 0.58142806
-0.59832570 0.52875782
-0.63128988 0.47429509
-0.66040224 0.41827162
-0.68568021 0.36089910
-0.70717037 0.30235456
-0.72497194 0.24274790
-0.73943098 0.18157260
-0.75066618 0.12009104
-0.75654267 0.07713198
-0.75889405 0.05056549
-0.76049201 0.01526131
-0.76140533 0.00000000
