 0.74854634 0.00000000
 0.74441223 0.03365140
 0.73767187 0.12918609
 0.73041818 0.18172625
 0.71737176 0.24167179
 0.70038946 0.30052765
 0.67944114 0.35862913
 0.65459334 0.41566696
 0.62587492 0.47141275
 0.59330109 0.52564221
 0.55688662 0.57812219
 0.51665057 0.62860775
 0.47262069 0.67683966
 0.42483700 0.72254335
 0.37335541 0.76542824
 0.31825145 0.80518749
 0.25962432 0.84149839
 0.19760124 0.87402319
 0.13234203 0.90241071
 0.06404397 0.92629871
-0.00705325 0.94531728
-0.08066259 0.95909321
-0.15644491 0.96725565
-0.23400463 0.96944304
-0.31288618 0.96531139
-0.39257142 0.95454398
-0.47247861 0.93686233
-0.55196312 0.91203835
-0.63032054 0.87990733
-0.70679241 0.84038143
-0.78057495 0.79346295
-0.85083103 0.73925690
-0.91670543 0.67798166
-0.97734234 0.60997820
-1.03190968 0.53570608
-1.07959854 0.45579336
-1.11973693 0.37070673
-1.15136691 0.28247845
-1.17432186 0.18482848
-1.18431716 0.10720462
-1.22457562 0.00000000
