 1.14210898 0.00000000
 1.14147188 0.02396679
 1.14030786 0.04754718
 1.13647188 0.09172023
 1.12330940 0.17991483
 1.10244986 0.26745231
 1.07390554 0.35249501
 1.03790349 0.43424960
 0.99487154 0.51195206
 0.94532780 0.58495676
 0.88986031 0.65269849
 0.82910600 0.71470056
 0.76373548 0.77057534
 0.69443870 0.82002442
 0.62191185 0.86283643
 0.54684552 0.89888287
 0.46991435 0.92811248
 0.39176840 0.95054444
 0.31302613 0.96626079
 0.23426917 0.97539842
 0.15603855 0.97814104
 0.07883244 0.97471132
 0.00310521 0.96536331
-0.07073259 0.95037557
-0.14231315 0.93004479
-0.21130978 0.90468028
-0.27743468 0.87459904
-0.34043634 0.84012167
-0.40009671 0.80156896
-0.45622829 0.75925917
-0.50867108 0.71350583
-0.55728978 0.66461625
-0.60197094 0.61289038
-0.64262052 0.55862022
-0.67916180 0.50208951
-0.71153443 0.44357376
-0.73969675 0.38333957
-0.76363714 0.32163856
-0.78340017 0.25870542
-0.79929082 0.19433263
-0.81150714 0.12985634
-0.81797180 0.08429798
-0.82077327 0.05398172
-0.82251582 0.02088654
-0.82445712 0.00000000
