 0.72450745 0.00000000
 0.72131398 0.03035732
 0.71504809 0.12725450
 0.70827643 0.17778583
 0.69587068 0.23628262
 0.67963438 0.29387603
 0.65956700 0.35081493
 0.63572250 0.40681004
 0.60812316 0.46163928
 0.57677309 0.51509134
 0.54167336 0.56694620
 0.50282673 0.61697153
 0.46024218 0.66491958
 0.41393871 0.71052553
 0.36394902 0.75350635
 0.31032347 0.79356021
 0.25313432 0.83036627
 0.19248039 0.86358512
 0.12849204 0.89285985
 0.06133655 0.91781797
-0.00877627 0.93807428
-0.08158827 0.95323498
-0.15678723 0.96290297
-0.23400143 0.96668477
-0.31279474 0.96419887
-0.39266272 0.95508595
-0.47303012 0.93902057
-0.55325029 0.91572451
-0.63260704 0.88498139
-0.71031951 0.84665217
-0.78555042 0.80069084
-0.85741819 0.74715969
-0.92501316 0.68624265
-0.98741652 0.61825788
-1.04372898 0.54365199
-1.09306457 0.46307428
-1.13470674 0.37690795
-1.16751272 0.28771947
-1.19134676 0.18639535
-1.19992349 0.11264832
-1.26565920 0.00000000
