 1.77121733 0.00000000
 1.77570568 0.09384886
 1.74321696 0.27871786
 1.69713470 0.39798188
 1.63763211 0.51307027
 1.56451294 0.61831228
 1.48221194 0.70977112
 1.39298246 0.78773873
 1.29957714 0.85210505
 1.20423280 0.90346718
 1.10885809 0.94270960
 1.01496351 0.97092590
 0.92370088 0.98930073
 0.83590214 0.99903138
 0.75213073 1.00127171
 0.67273201 0.99709726
 0.59788013 0.98748600
 0.52761884 0.97331060
 0.46189559 0.95533834
 0.40058924 0.93423596
 0.34353189 0.91057729
 0.29052586 0.88485222
 0.24135651 0.85747610
 0.19580181 0.82879889
 0.15363929 0.79911372
 0.11465093 0.76866477
 0.07862663 0.73765424
 0.04536635 0.70624851
 0.01468148 0.67458358
-0.01360442 0.64276966
-0.03965544 0.61089521
-0.06362333 0.57903034
-0.08564789 0.54722976
-0.10585731 0.51553519
-0.12436881 0.48397753
-0.14128916 0.45257859
-0.15671532 0.42135260
-0.17073499 0.39030750
-0.18342720 0.35944602
-0.19486280 0.32876663
-0.20510489 0.29826447
-0.21420916 0.26793227
-0.22222401 0.23776160
-0.22919028 0.20774540
-0.23514066 0.17788209
-0.24010006 0.14817348
-0.24404865 0.11883589
-0.24686434 0.09091746
-0.24879470 0.06152603
-0.25075886 0.01230191
-0.25107738 0.00000000
