 6.88904014 0.00000000
 6.88169197 0.10138293
 6.84926013 0.25657396
 6.76902257 0.45854122
 6.67879000 0.60371440
 6.56908765 0.72712053
 6.45005530 0.82472294
 6.27724773 0.92174817
 6.13710196 0.97109919
 5.96829337 1.00180546
 5.78072366 1.00160160
 5.62282247 0.97405551
 5.49006828 0.92944084
 5.37963057 0.87537490
 5.26090648 0.79632951
 5.17769527 0.72439525
 5.10468766 0.64692746
 5.01542999 0.51816086
 4.95828879 0.38530417
 4.93488822 0.29102987
 4.92032290 0.21023380
 4.90426707 0.15355256
 4.89070194 0.12467826
 4.87224353 0.09809697
 4.83943613 0.06318960
 4.80430261 0.01160662
 4.80282003 0.00000000
