 5.82127374 0.00000000
 5.80607254 0.15424016
 5.73720658 0.38416256
 5.66237821 0.53057446
 5.55904977 0.66848896
 5.43391482 0.78721184
 5.28955560 0.88290437
 5.14708802 0.94663552
 5.01268237 0.98451812
 4.87113688 1.00332863
 4.73284629 1.00226488
 4.60050002 0.98333721
 4.46401297 0.94399461
 4.33681878 0.88671393
 4.22311053 0.81540732
 4.12517538 0.73432548
 4.03444115 0.63712668
 3.93968617 0.49824200
 3.87938618 0.35612514
 3.85434133 0.25827350
 3.83203771 0.15988996
 3.81048433 0.10390816
 3.78020233 0.04519017
 3.76571727 0.00263189
 3.76564867 0.00046439
 3.76564743 0.00000000
