 6.58216019 0.00000000
 6.57505443 0.10218106
 6.51195966 0.34534681
 6.45786850 0.46665637
 6.39122077 0.57661180
 6.31392777 0.67360182
 6.19347501 0.78703707
 6.08737035 0.86080507
 5.94835115 0.93093315
 5.77731369 0.98378389
 5.61739152 1.00455934
 5.46977513 1.00112198
 5.33669164 0.97892483
 5.18179962 0.92852987
 5.06498977 0.87083582
 4.96520013 0.80427893
 4.86169828 0.71500170
 4.75527653 0.59152682
 4.67982104 0.45971442
 4.64658220 0.36891222
 4.62538372 0.28047300
 4.60635742 0.19299549
 4.58308771 0.13258269
 4.56204518 0.09877535
 4.52568213 0.05062320
 4.50580713 0.00000000
