 1.04361720 0.00000000
 1.04205669 0.06544726
 1.03561372 0.13098776
 1.02488432 0.19567450
 1.00993324 0.25954444
 0.99084274 0.32223533
 0.96770525 0.38348839
 0.94063722 0.44303006
 0.90977235 0.50060254
 0.87526268 0.55595828
 0.83727672 0.60886294
 0.79599847 0.65909614
 0.75162598 0.70645261
 0.70437003 0.75074303
 0.65445262 0.79179484
 0.60210557 0.82945277
 0.54756897 0.86357932
 0.49108967 0.89405509
 0.43291989 0.92077892
 0.37331566 0.94366791
 0.31253547 0.96265740
 0.25083890 0.97770070
 0.18848532 0.98876881
 0.12573266 0.99585002
 0.06283622 0.99894941
 0.00004768 0.99808829
-0.06238597 0.99330360
-0.12422332 0.98464719
-0.18522931 0.97218517
-0.24517602 0.95599710
-0.30384330 0.93617530
-0.36101934 0.91282401
-0.41650114 0.88605867
-0.47009500 0.85600509
-0.52161678 0.82279874
-0.57089228 0.78658397
-0.61775742 0.74751332
-0.66205843 0.70574676
-0.70365204 0.66145107
-0.74240550 0.61479915
-0.77819671 0.56596944
-0.81091425 0.51514529
-0.84045739 0.46251443
-0.86673606 0.40826843
-0.88967080 0.35260231
-0.90919354 0.29571294
-0.92524255 0.23780608
-0.93778664 0.17905343
-0.94672623 0.11981021
-0.95228059 0.05956318
-0.95526361 0.00000000
