 2.57213368 0.00000000
 2.55653018 0.16894341
 2.51923491 0.31529503
 2.46933178 0.43853839
 2.39176844 0.57127689
 2.25618756 0.72877557
 2.11352241 0.84101596
 1.96935658 0.91852771
 1.82644048 0.96839397
 1.68936843 0.99479383
 1.51185342 1.00036069
 1.36024624 0.97985886
 1.23312946 0.94369435
 1.08482536 0.87643686
 0.97327499 0.80437759
 0.89109318 0.73599496
 0.80113289 0.64086268
 0.73112271 0.54543825
 0.65950392 0.41414909
 0.59892253 0.23799823
 0.57648690 0.10843066
 0.57079523 0.00000000
