 1.29616594 0.00000000
 1.29537969 0.07915122
 1.28448620 0.16935763
 1.26676211 0.25078863
 1.24216356 0.33113689
 1.21115098 0.40846955
 1.17409299 0.48237873
 1.13146112 0.55231369
 1.08377263 0.61782239
 1.03158003 0.67853162
 0.97545893 0.73414827
 0.91599374 0.78445911
 0.85376635 0.82932691
 0.78934545 0.86868538
 0.72327787 0.90253269
 0.65608156 0.93092411
 0.58824036 0.95396429
 0.52020032 0.97179928
 0.45236757 0.98460891
 0.38510750 0.99259946
 0.31874491 0.99599692
 0.25356516 0.99504092
 0.18981594 0.98997945
 0.12770948 0.98106420
 0.06742521 0.96854674
 0.00911253 0.95267529
-0.04710630 0.93369219
-0.10113331 0.91183193
-0.15289197 0.88731960
-0.20232451 0.86036990
-0.24938942 0.83118644
-0.29405904 0.79996137
-0.33631746 0.76687526
-0.37615850 0.73209723
-0.41358395 0.69578517
-0.44860200 0.65808618
-0.48122578 0.61913704
-0.51147214 0.57906476
-0.53936053 0.53798724
-0.56491206 0.49601390
-0.58814866 0.45324635
-0.60909232 0.40977911
-0.62776453 0.36570026
-0.64418574 0.32109213
-0.65837474 0.27603234
-0.67034873 0.23059440
-0.68013057 0.18481924
-0.68767254 0.13895754
-0.69295293 0.09314614
-0.69735030 0.03831897
-0.69942984 0.00000000
