 0.87018071 0.00000000
 0.85822923 0.05736122
 0.84983443 0.13901798
 0.83936298 0.20317920
 0.82283684 0.27001194
 0.80173719 0.33530479
 0.77597471 0.39923286
 0.74566104 0.46143337
 0.71087528 0.52161516
 0.67171092 0.57947806
 0.62827654 0.63471938
 0.58069861 0.68703354
 0.52912359 0.73611261
 0.47371991 0.78164728
 0.41467989 0.82332811
 0.35222180 0.86084720
 0.28659171 0.89390027
 0.21806538 0.92218917
 0.14694988 0.94542492
 0.07358502 0.96333115
-0.00165565 0.97564805
-0.07836421 0.98213682
-0.15609837 0.98258450
-0.23438213 0.97680914
-0.31270722 0.96466532
-0.39053542 0.94604979
-0.46730193 0.92090711
-0.54241973 0.88923518
-0.61528502 0.85109037
-0.68528381 0.80659215
-0.75179951 0.75592681
-0.81422149 0.69935025
-0.87195435 0.63718939
-0.92442778 0.56984238
-0.97110722 0.49777518
-1.01150006 0.42152837
-1.04517902 0.34164646
-1.07172029 0.25902386
-1.09083225 0.17290484
-1.10171351 0.08997625
-1.11256847 0.00000000
