 1.17599878 0.00000000
 1.17488030 0.07280986
 1.16646534 0.14983871
 1.15251132 0.22291375
 1.13307685 0.29508341
 1.10841502 0.36525371
 1.07871655 0.43313046
 1.04424422 0.49829299
 1.00528657 0.56038432
 0.96216389 0.61907856
 0.91522000 0.67409026
 0.86481738 0.72517450
 0.81133147 0.77212778
 0.75514544 0.81478779
 0.69664511 0.85303245
 0.63621441 0.88677842
 0.57423118 0.91597901
 0.51106359 0.94062169
 0.44706706 0.96072529
 0.38258173 0.97633702
 0.31793045 0.98752933
 0.25341737 0.99439680
 0.18932686 0.99705302
 0.12592300 0.99562760
 0.06344937 0.99026337
 0.00212918 0.98111369
-0.05783431 0.96834002
-0.11625713 0.95210975
-0.17297379 0.93259421
-0.22783630 0.90996693
-0.28071311 0.88440216
-0.33148802 0.85607361
-0.38005894 0.82515336
-0.42633679 0.79181101
-0.47024428 0.75621300
-0.51171481 0.71852209
-0.55069139 0.67889699
-0.58712552 0.63749211
-0.62097630 0.59445746
-0.65220945 0.54993862
-0.68079647 0.50407681
-0.70671388 0.45700904
-0.72994248 0.40886835
-0.75046676 0.35978402
-0.76827430 0.30988179
-0.78335413 0.25928693
-0.79570533 0.20810721
-0.80531472 0.15646122
-0.81206524 0.10494027
-0.81708327 0.04819649
-0.81996932 0.00000000
