 2.55339048 0.00000000
 2.53838183 0.16570983
 2.50233549 0.30974306
 2.45410019 0.43125503
 2.37902968 0.56254982
 2.24722087 0.71942688
 2.10782528 0.83240715
 1.96623088 0.91154932
 1.82510574 0.96358061
 1.68904926 0.99237463
 1.51181141 1.00124157
 1.35950405 0.98351025
 1.23112236 0.94948302
 1.08056022 0.88428433
 0.96675457 0.81329156
 0.88259117 0.74530910
 0.79016748 0.65007772
 0.71802633 0.55401536
 0.64402634 0.42123036
 0.58126128 0.24232323
 0.55797540 0.11041521
 0.55207307 0.00000000
