 4.28666510 0.00000000
 4.25663864 0.22778028
 4.20756885 0.37910953
 4.14619306 0.50422788
 4.08043286 0.60363748
 3.97501894 0.72308231
 3.86775137 0.81279882
 3.70650888 0.90814242
 3.54875886 0.96693558
 3.40063000 0.99648674
 3.22976983 1.00271760
 3.07764472 0.98326665
 2.94479462 0.94615626
 2.78227628 0.87140152
 2.67781660 0.80222467
 2.56947239 0.70717135
 2.48686101 0.61176207
 2.41537750 0.50367848
 2.35769615 0.38407845
 2.31594605 0.25616747
 2.29209209 0.15085937
 2.27574779 0.00000000
