 4.03670060 0.00000000
 4.01865491 0.17533640
 3.96575424 0.35982700
 3.90453363 0.49038816
 3.83364161 0.60013027
 3.75840862 0.68979442
 3.63804969 0.79792797
 3.51192534 0.88005616
 3.38497952 0.93857317
 3.22706560 0.98407355
 3.07483136 1.00268852
 2.93182369 0.99874313
 2.74238960 0.96129521
 2.61114907 0.91145431
 2.46625264 0.82910954
 2.33925325 0.72554777
 2.25429922 0.63266932
 2.17847367 0.52451710
 2.12875984 0.43119692
 2.08678483 0.32443070
 2.05247664 0.20026512
 2.02716804 0.00000000
