 1.68631164 0.00000000
 1.67362931 0.15571028
 1.63822184 0.30489286
 1.58919953 0.42909154
 1.52528620 0.54376861
 1.44840992 0.64733308
 1.31652671 0.77660883
 1.17373957 0.87359169
 1.02618683 0.94106657
 0.87982772 0.98183426
 0.74328070 0.99925426
 0.61347271 0.99830874
 0.49244810 0.98204571
 0.33497246 0.93737657
 0.20166684 0.87587887
 0.09017350 0.80411012
-0.00225354 0.72643879
-0.11052412 0.60554780
-0.21188289 0.44115510
-0.27471928 0.27865236
-0.30704291 0.11941100
-0.31389177 0.00000000
