 1.15577137 0.00000000
 1.15623518 0.04272089
 1.15426899 0.09000634
 1.14269245 0.18285421
 1.12172703 0.27246807
 1.09272230 0.35915575
 1.05605237 0.44248620
 1.01220844 0.52166456
 0.96172206 0.59605443
 0.90519846 0.66507808
 0.84328715 0.72825136
 0.77667247 0.78517942
 0.70605784 0.83555858
 0.63215301 0.87917374
 0.55566189 0.91589429
 0.47727205 0.94566831
 0.39764593 0.96851567
 0.31741372 0.98452025
 0.23716801 0.99382180
 0.15745999 0.99660778
 0.07879714 0.99310523
 0.00164226 0.98357322
-0.07358647 0.96829567
-0.14651444 0.94757500
-0.21680895 0.92172640
-0.28417689 0.89107290
-0.34836212 0.85594115
-0.40914257 0.81665798
-0.46632722 0.77354758
-0.51975307 0.72692935
-0.56928213 0.67711630
-0.61479851 0.62441393
-0.65620586 0.56911956
-0.69342434 0.51152219
-0.72638963 0.45190215
-0.75504776 0.39053222
-0.77935982 0.32767628
-0.79927495 0.26361414
-0.81494143 0.19833441
-0.82158672 0.15908557
-0.83794747 0.03507254
-0.83494987 0.05288690
-0.83360387 0.05927275
-0.84151786 0.00000000
