 0.70562872 0.00000000
 0.70294867 0.02801193
 0.69702742 0.12573444
 0.69061225 0.17472863
 0.67869377 0.23206730
 0.66302921 0.28866283
 0.64363988 0.34467894
 0.62056963 0.39984293
 0.59383560 0.45393693
 0.56343383 0.50675933
 0.52935551 0.55810022
 0.49159154 0.60773726
 0.45013718 0.65543201
 0.40499585 0.70092784
 0.35618293 0.74394849
 0.30372975 0.78419704
 0.24768800 0.82135536
 0.18813453 0.85508418
 0.12517660 0.88502364
 0.05895764 0.91079489
-0.01033666 0.93200248
-0.08247196 0.94823808
-0.15715877 0.95908555
-0.23404608 0.96412757
-0.31271548 0.96295410
-0.39267606 0.95517273
-0.47336072 0.94042088
-0.55412438 0.91838004
-0.63424470 0.88879155
-0.71292609 0.85147369
-0.78930748 0.80633941
-0.86247443 0.75341387
-0.93147620 0.69285012
-0.99534593 0.62494500
-1.05313470 0.55013016
-1.10389822 0.46907786
-1.14691023 0.38205604
-1.18083929 0.29227614
-1.20574426 0.18714109
-1.21196202 0.11784503
-1.32763529 0.00000000
