 4.29473479 0.00000000
 4.26422304 0.22967010
 4.21446340 0.38193152
 4.15220850 0.50772346
 4.08556851 0.60750259
 3.97887938 0.72710097
 3.87050186 0.81661505
 3.70795812 0.91123244
 3.54932974 0.96899963
 3.40074328 0.99743259
 3.22979210 1.00229420
 3.07798282 0.98165237
 2.94570870 0.94360281
 2.78428836 0.86791884
 2.68076059 0.79835193
 2.57356838 0.70315303
 2.49196895 0.60789330
 2.42145295 0.50022402
 2.36463998 0.38131880
 2.32347288 0.25416982
 2.29987666 0.14939380
 2.28376835 0.00000000
