 2.01041658 0.00000000
 2.02154231 0.07668536
 1.96406050 0.36394283
 1.89024992 0.49861575
 1.80316505 0.62660000
 1.69605896 0.74048758
 1.58217582 0.83018461
 1.46435593 0.89933985
 1.34698307 0.94942427
 1.23282600 0.98290667
 1.12382072 1.00228917
 1.02113287 1.00997626
 0.92536287 1.00814037
 0.83670402 0.99867456
 0.75507264 0.98318563
 0.68020630 0.96301225
 0.61173539 0.93925416
 0.54923357 0.91280507
 0.49225219 0.88438484
 0.44034306 0.85456883
 0.39307286 0.82381358
 0.35003174 0.79247868
 0.31083799 0.76084507
 0.27513995 0.72913017
 0.24261632 0.69750028
 0.21297523 0.66608066
 0.18595274 0.63496377
 0.16131100 0.60421585
 0.13883615 0.57388229
 0.11833632 0.54399193
 0.09963962 0.51456051
 0.08259224 0.48559347
 0.06705670 0.45708816
 0.05291021 0.42903564
 0.04004328 0.40142213
 0.02835832 0.37423013
 0.01776855 0.34743937
 0.00819693 0.32102763
-0.00042470 0.29497138
-0.00815640 0.26924644
-0.01505075 0.24382873
-0.02115326 0.21869531
-0.02650271 0.19382603
-0.03113098 0.16920736
-0.03506318 0.14483691
-0.03831641 0.12073638
-0.04085945 0.09729795
-0.04261088 0.07571325
-0.04383951 0.05231340
-0.04508223 0.00617213
-0.04517347 0.00000000
