 0.93581134 0.00000000
 0.92655584 0.07050563
 0.91814694 0.14651042
 0.90517497 0.21770372
 0.88638497 0.28869389
 0.86243834 0.35806518
 0.83335011 0.42561089
 0.79925981 0.49094632
 0.76031017 0.55371762
 0.71666950 0.61357339
 0.66852976 0.67016958
 0.61610727 0.72317049
 0.55964310 0.77225044
 0.49940344 0.81709552
 0.43567975 0.85740552
 0.36878885 0.89289610
 0.29907282 0.92330111
 0.22689859 0.94837506
 0.15265740 0.96789575
 0.07676384 0.98166704
-0.00034535 0.98952170
-0.07821300 0.99132424
-0.15636345 0.98697383
-0.23430510 0.97640707
-0.31153330 0.95960071
-0.38753370 0.93657403
-0.46178608 0.90739109
-0.53376862 0.87216250
-0.60296247 0.83104680
-0.66885674 0.78425130
-0.73095376 0.73203233
-0.78877445 0.67469484
-0.84186391 0.61259126
-0.88979685 0.54611974
-0.93218311 0.47572106
-0.96867216 0.40187806
-0.99895945 0.32509496
-1.02278480 0.24598097
-1.03990427 0.16477389
-1.05009659 0.08340868
-1.05619116 0.00000000
