 0.77681217 0.00000000
 0.77104220 0.03811693
 0.76369830 0.13141787
 0.75583211 0.18641339
 0.74201392 0.24800644
 0.72413706 0.30832880
 0.70213716 0.36777324
 0.67609433 0.42601037
 0.64604564 0.48280246
 0.61202058 0.53790921
 0.57405154 0.59108190
 0.53217841 0.64206096
 0.48645259 0.69057450
 0.43694033 0.73633762
 0.38372604 0.77905237
 0.32691585 0.81840797
 0.26664125 0.85408166
 0.20306300 0.88574012
 0.13637520 0.91304150
 0.06680943 0.93563834
-0.00536113 0.95318126
-0.07981780 0.96532367
-0.15619273 0.97172756
-0.23406596 0.97207027
-0.31296315 0.96605247
-0.39235455 0.95340715
-0.47165532 0.93390950
-0.55022760 0.90738763
-0.62738467 0.87373364
-0.70239736 0.83291482
-0.77450301 0.78498436
-0.84291699 0.73009108
-0.90684673 0.66848728
-0.96550754 0.60053504
-1.01814296 0.52670280
-1.06402790 0.44759804
-1.10254937 0.36373783
-1.13291870 0.27674423
-1.15493265 0.18246137
-1.16567005 0.10207131
-1.19240380 0.00000000
