 6.22580789 0.00000000
 6.18999249 0.24118907
 6.14173058 0.38268972
 6.08050596 0.50628627
 6.01026041 0.61133024
 5.90860828 0.72515225
 5.72641472 0.86405805
 5.59679666 0.92931059
 5.46394334 0.97350645
 5.33189679 0.99849708
 5.16104744 1.00429858
 5.01805071 0.98642312
 4.88362816 0.95014486
 4.76605285 0.90071649
 4.66459300 0.84228021
 4.56952443 0.77139764
 4.48790581 0.69490351
 4.38821721 0.57364793
 4.31632002 0.44119511
 4.28540843 0.35027837
 4.26138743 0.24888910
 4.23678113 0.16042475
 4.21448809 0.11198965
 4.17804039 0.05256229
 4.16160967 0.01396960
 4.16015875 0.00000000
