 3.61267695 0.00000000
 3.59690097 0.16549674
 3.53379742 0.38043413
 3.48074568 0.49098630
 3.38167924 0.63633964
 3.26771713 0.75420259
 3.15979148 0.83661744
 3.04323712 0.90304773
 2.92047309 0.95283296
 2.73341573 0.99522638
 2.58382236 1.00290719
 2.45190348 0.99102818
 2.33777252 0.96621548
 2.20394999 0.91821143
 2.06021401 0.84000151
 1.91936199 0.72815339
 1.80921356 0.60383378
 1.74232155 0.50202569
 1.67678398 0.36424169
 1.63930024 0.24387121
 1.61650031 0.12056994
 1.60630938 0.00000000
