 0.75648092 0.00000000
 0.75194844 0.03483388
 0.74504169 0.12981794
 0.73762144 0.18303616
 0.72435995 0.24345088
 0.70712823 0.30272044
 0.68588622 0.36120163
 0.66070442 0.41857911
 0.63161394 0.47462207
 0.59863387 0.52910183
 0.56178372 0.58178088
 0.52108824 0.63241012
 0.47658165 0.68072669
 0.42831118 0.72645299
 0.37634060 0.76929618
 0.32075394 0.80894813
 0.26165941 0.84508586
 0.19919364 0.87737261
 0.13352613 0.90545953
 0.06486391 0.92898826
-0.00654375 0.94759436
-0.08040066 0.96091188
-0.15635928 0.96857899
-0.23401681 0.97024492
-0.31291197 0.96557819
-0.39252289 0.95427609
-0.47226647 0.93607542
-0.55149958 0.91076418
-0.62952237 0.87819405
-0.70558435 0.83829321
-0.77889316 0.79107891
-0.84862644 0.73666912
-0.91394678 0.67529242
-0.97401874 0.60729631
-1.02803198 0.53314345
-1.07520196 0.45345585
-1.11487314 0.36871816
-1.14613952 0.28082987
-1.16882565 0.18420618
-1.17909948 0.10564657
-1.21450741 0.00000000
