 0.78040997 0.00000000
 0.77438995 0.03873790
 0.76696935 0.13169819
 0.75902107 0.18701479
 0.74510365 0.24881281
 0.72711169 0.30932059
 0.70497680 0.36893420
 0.67878071 0.42732202
 0.64856160 0.48424496
 0.61435087 0.53946064
 0.57618330 0.59271832
 0.53410155 0.64375663
 0.48816016 0.69230209
 0.43842882 0.73806863
 0.38499567 0.78075745
 0.32797080 0.82005743
 0.26748984 0.85564598
 0.20371782 0.88719051
 0.13685318 0.91435059
 0.06713177 0.93678080
-0.00516911 0.95413458
-0.07972692 0.96606891
-0.15617040 0.97225006
-0.23407675 0.97236041
-0.31296955 0.96610636
-0.39231791 0.95322714
-0.47153690 0.93350466
-0.54998983 0.90677394
-0.62699248 0.87293400
-0.70181957 0.83195877
-0.77371378 0.78390748
-0.84189708 0.72893405
-0.90558475 0.66729464
-0.96400083 0.59935363
-1.01639812 0.52558017
-1.06206162 0.44657927
-1.10038580 0.36287214
-1.13060073 0.27603908
-1.15249786 0.18213555
-1.16328943 0.10149183
-1.18886862 0.00000000
