 0.74570754 0.00000000
 0.74170467 0.03324075
 0.73502274 0.12895914
 0.72782771 0.18125863
 0.71485786 0.24103511
 0.69796446 0.29974257
 0.67712092 0.35770767
 0.65239232 0.41462342
 0.62380674 0.47026221
 0.59137804 0.52440134
 0.55511929 0.57680922
 0.51504757 0.62724238
 0.47118836 0.67544292
 0.42357912 0.72113739
 0.37227295 0.76403601
 0.31734239 0.80383248
 0.25888341 0.84020422
 0.19701987 0.87281318
 0.13190813 0.90130738
 0.06374195 0.92532327
-0.00724245 0.94448902
-0.08076134 0.95842889
-0.15647864 0.96676883
-0.23400145 0.96914345
-0.31287631 0.96520429
-0.39258653 0.95462961
-0.47255091 0.93713543
-0.55212441 0.91248784
-0.63060106 0.88051619
-0.70721959 0.84112679
-0.78117218 0.79431649
-0.85161642 0.74018552
-0.91769068 0.67894846
-0.97853177 0.61094383
-1.03329979 0.53662997
-1.08117692 0.45663717
-1.12148540 0.37142476
-1.15324774 0.28307678
-1.17630014 0.18504068
-1.18617799 0.10778787
-1.22846685 0.00000000
