 0.80788505 0.00000000
 0.79973924 0.04387708
 0.79178868 0.13382568
 0.78317524 0.19167035
 0.76849255 0.25500561
 0.74960816 0.31692868
 0.72642883 0.37782848
 0.69904747 0.43735927
 0.66751149 0.49526997
 0.63186806 0.55130179
 0.59217118 0.60518863
 0.54848588 0.65665539
 0.50089166 0.70541719
 0.44948549 0.75117939
 0.39438474 0.79363790
 0.33573035 0.83248001
 0.27369002 0.86738571
 0.20846153 0.89802955
 0.14027613 0.92408319
 0.06940183 0.94521858
-0.00385346 0.96111199
-0.07913909 0.97144884
-0.15605930 0.97592932
-0.23417156 0.97427495
-0.31298570 0.96623591
-0.39196422 0.95159903
-0.47052390 0.93019647
-0.54803896 0.90191469
-0.62384597 0.86670354
-0.69725070 0.82458510
-0.76753689 0.77566182
-0.83397700 0.72012359
-0.89584487 0.65825306
-0.95242946 0.59042937
-1.00305171 0.51712483
-1.04706971 0.43892568
-1.08393405 0.35637399
-1.11300187 0.27078126
-1.13402603 0.17952773
-1.14505082 0.09747045
-1.16400863 0.00000000
