 1.21883312 0.00000000
 1.21675559 0.04123106
 1.21203858 0.09918684
 1.19661368 0.19483944
 1.17209767 0.28829584
 1.13859717 0.37878394
 1.09664119 0.46487004
 1.04690441 0.54565227
 0.99018489 0.62035694
 0.92735637 0.68837280
 0.85933708 0.74923898
 0.78706075 0.80264027
 0.71145169 0.84839822
 0.63340408 0.88645905
 0.55376545 0.91687923
 0.47332433 0.93980954
 0.39280200 0.95547874
 0.31284768 0.96417752
 0.23403692 0.96624346
 0.15687240 0.96204734
 0.08178676 0.95198106
 0.00914681 0.93644737
-0.06074132 0.91585131
-0.12762637 0.89059326
-0.19130598 0.86106363
-0.25162071 0.82763880
-0.30844818 0.79067832
-0.36169761 0.75052308
-0.41130475 0.70749432
-0.45722724 0.66189333
-0.49944052 0.61400163
-0.53793436 0.56408158
-0.57270996 0.51237713
-0.60377776 0.45911443
-0.63115610 0.40450183
-0.65487116 0.34872718
-0.67495641 0.29195450
-0.69146851 0.23427689
-0.70450875 0.17559667
-0.71418382 0.11620578
-0.71962218 0.06347090
-0.72178778 0.01239953
-0.72247720 0.00000000
