 0.94218060 0.00000000
 0.93350146 0.07153086
 0.92505099 0.14739062
 0.91182772 0.21922461
 0.89279985 0.29064964
 0.86854917 0.36044058
 0.83910463 0.42835607
 0.80461041 0.49400767
 0.76521731 0.55703476
 0.72110251 0.61708078
 0.67246760 0.67379774
 0.61953906 0.72684741
 0.56256852 0.77590303
 0.50183285 0.82065117
 0.43763411 0.86079365
 0.37029945 0.89604975
 0.30018071 0.92615844
 0.22765384 0.95088085
 0.15311807 0.97000280
 0.07699481 0.98333737
-0.00027387 0.99072761
-0.07822702 0.99204918
-0.15638702 0.98721300
-0.23426212 0.97616773
-0.31134949 0.95890218
-0.38713857 0.93544744
-0.46111487 0.90587871
-0.53276409 0.87031680
-0.60157663 0.82892914
-0.66705230 0.78193039
-0.72870533 0.72958237
-0.78606944 0.67219347
-0.83870303 0.61011736
-0.88619426 0.54375111
-0.92816611 0.47353215
-0.96428065 0.39993734
-0.99424441 0.32346530
-1.01780939 0.24470448
-1.03474159 0.16394579
-1.04484806 0.08284686
-1.05058708 0.00000000
