 0.83049027 0.00000000
 0.82055519 0.04857123
 0.81230718 0.13560218
 0.80308377 0.19564204
 0.78775614 0.26022513
 0.76810901 0.32332969
 0.74403939 0.38529637
 0.71564781 0.44577141
 0.68299095 0.50449147
 0.64613070 0.56118353
 0.60513875 0.61556861
 0.56010032 0.66736048
 0.51111722 0.71626547
 0.45831043 0.76198282
 0.40182280 0.80420534
 0.34182180 0.84262059
 0.27850235 0.87691251
 0.21208965 0.90676357
 0.14284200 0.93185753
 0.07105342 0.95188285
-0.00294393 0.96653675
-0.07877770 0.97553000
-0.15603392 0.97859240
-0.23425614 0.97547889
-0.31294554 0.96597635
-0.39156207 0.94991083
-0.46952676 0.92715514
-0.54622552 0.89763665
-0.62101440 0.86134487
-0.69322645 0.81833874
-0.76218021 0.76875306
-0.82718978 0.71280387
-0.88757631 0.65079214
-0.94268032 0.58310605
-0.99187622 0.51021766
-1.03457817 0.43269745
-1.07028165 0.35109409
-1.09843199 0.26654518
-1.11875736 0.17724463
-1.12980973 0.09456119
-1.14512432 0.00000000
