 0.87857009 0.00000000
 0.86652317 0.05922033
 0.85814012 0.13982477
 0.84737381 0.20489206
 0.83057912 0.27222165
 0.80914783 0.33800365
 0.78299876 0.40236797
 0.75224593 0.46495010
 0.71697454 0.52545193
 0.67728595 0.58356712
 0.63329774 0.63898778
 0.58514628 0.69140426
 0.53298861 0.74050587
 0.47700425 0.78598192
 0.41739699 0.82752311
 0.35439667 0.86482331
 0.28826090 0.89758169
 0.21927663 0.92550529
 0.14776156 0.94831204
 0.07406522 0.96573423
-0.00143025 0.97752235
-0.07830982 0.98344943
-0.15612586 0.98331562
-0.23439910 0.97695324
-0.31262025 0.96423185
-0.39025266 0.94506360
-0.46673568 0.91940839
-0.54148920 0.88727894
-0.61391901 0.84874541
-0.68342328 0.80393944
-0.74939990 0.75305747
-0.81125464 0.69636288
-0.86841002 0.63418712
-0.92031453 0.56692948
-0.96645263 0.49505376
-1.00635079 0.41909370
-1.03959792 0.33959079
-1.06579473 0.25739553
-1.08464985 0.17192681
-1.09546747 0.08906772
-1.10557455 0.00000000
