 6.71676585 0.00000000
 6.71209926 0.08093812
 6.68822602 0.21363930
 6.62782006 0.39216309
 6.56017405 0.52407895
 6.47655785 0.64138122
 6.38205306 0.74079234
 6.23890624 0.85051503
 6.11685885 0.91625514
 5.96242562 0.97176642
 5.78029637 1.00288781
 5.61762516 1.00236083
 5.47350729 0.97959565
 5.34835577 0.94136892
 5.20779103 0.87557062
 5.10582314 0.80914888
 5.02051754 0.73815924
 4.94461313 0.66088778
 4.87183652 0.56555884
 4.80990673 0.44963614
 4.75874131 0.27193771
 4.73931228 0.18252032
 4.72689055 0.14751671
 4.71190945 0.11873353
 4.69435557 0.09388984
 4.66270807 0.05629392
 4.63624500 0.00000000
