 0.74256367 0.00000000
 0.73869942 0.03279324
 0.73208146 0.12870732
 0.72495083 0.18074142
 0.71206553 0.24032998
 0.69527037 0.29887284
 0.67454265 0.35668660
 0.64994587 0.41346679
 0.62150723 0.46898670
 0.58923909 0.52302532
 0.55315269 0.57535280
 0.51326293 0.62572732
 0.46959277 0.67389245
 0.42217687 0.71957598
 0.37106526 0.76248909
 0.31632714 0.80232605
 0.25805494 0.83876445
 0.19636880 0.87146596
 0.13142121 0.90007776
 0.06340205 0.92423487
-0.00745632 0.94356336
-0.08087388 0.95768470
-0.15651798 0.96622137
-0.23399871 0.96880371
-0.31286504 0.96507836
-0.39260189 0.95471798
-0.47262877 0.93743249
-0.55230021 0.91298152
-0.63090856 0.88118778
-0.70768951 0.84195103
-0.78183076 0.79526200
-0.85248405 0.74121555
-0.91878065 0.68002198
-0.97984918 0.61201702
-1.03484099 0.53765754
-1.08292835 0.45757640
-1.12342717 0.37222412
-1.15533767 0.28374504
-1.17849903 0.18526843
-1.18823423 0.10845079
-1.23299284 0.00000000
