 1.54452473 0.00000000
 1.54132702 0.05468806
 1.53137072 0.14004594
 1.49887517 0.27438533
 1.44974352 0.39664979
 1.38413894 0.51002837
 1.30581153 0.60993843
 1.21790988 0.69523219
 1.12370148 0.76540439
 1.02610339 0.82076344
 0.92760442 0.86215066
 0.83021039 0.89075172
 0.73545636 0.90793218
 0.64445315 0.91511267
 0.55795102 0.91368117
 0.47640772 0.90493711
 0.40005280 0.89006003
 0.32894421 0.87009611
 0.26301550 0.84595677
 0.20211391 0.81842472
 0.14603008 0.78816431
 0.09452065 0.75573385
 0.04732508 0.72159845
 0.00417793 0.68614247
-0.03518256 0.64968105
-0.07100845 0.61247058
-0.10353821 0.57471784
-0.13299425 0.53658810
-0.15958143 0.49821204
-0.18348624 0.45969177
-0.20487616 0.42110614
-0.22389860 0.38251542
-0.24067561 0.34396668
-0.25528786 0.30549703
-0.26769850 0.26720739
-0.28209555 0.21034708
-0.29261834 0.12226749
-0.30638826 0.01982190
-0.30779093 0.00413008
-0.30626708 0.00000000
