 2.56410070 0.00000000
 2.54875476 0.16755063
 2.51199985 0.31290532
 2.46281837 0.43540527
 2.38633160 0.56752790
 2.25237537 0.72477029
 2.11111366 0.83734045
 1.96804612 0.91556301
 1.82588964 0.96636647
 1.68924262 0.99379811
 1.51183135 1.00078084
 1.35991169 0.98146249
 1.23224407 0.94620714
 1.08296575 0.87982060
 0.97044736 0.80820840
 0.88741769 0.73998965
 0.79640613 0.64480726
 0.72548833 0.54910478
 0.65285704 0.41717224
 0.59134854 0.23984261
 0.56855234 0.10927675
 0.56277137 0.00000000
