 4.99399992 0.00000000
 4.97709024 0.16562404
 4.92763192 0.34365906
 4.83485539 0.53331416
 4.75962922 0.63828819
 4.65862536 0.74421406
 4.53081492 0.84277865
 4.41874842 0.90578868
 4.28645913 0.95791322
 4.13652379 0.99293923
 3.95462942 1.00416144
 3.80908257 0.98900892
 3.68474449 0.95854687
 3.58001701 0.91901137
 3.45942640 0.85530225
 3.34651335 0.77405631
 3.23216265 0.66199573
 3.15253346 0.55661880
 3.08850913 0.44262585
 3.04115319 0.32240449
 3.00481630 0.18190831
 2.97872307 0.00000000
