 0.86924094 0.00000000
 0.85730863 0.05715177
 0.84891304 0.13892988
 0.83847396 0.20299014
 0.82197753 0.26976781
 0.80091444 0.33500650
 0.77519457 0.39888623
 0.74492929 0.46104439
 0.71019708 0.52119060
 0.67109055 0.57902535
 0.62771730 0.63424655
 0.58020274 0.68654905
 0.52869216 0.73562525
 0.47335276 0.78116601
 0.41437563 0.82286189
 0.35197773 0.86040480
 0.28640387 0.89349009
 0.21792857 0.92181909
 0.14685772 0.94510203
 0.07353003 0.96306163
-0.00168192 0.97543694
-0.07837100 0.98198787
-0.15609554 0.98250000
-0.23437994 0.97678982
-0.31271604 0.96471024
-0.39056549 0.94615630
-0.46736306 0.92107083
-0.54252095 0.88945008
-0.61543434 0.85134887
-0.68548790 0.80688528
-0.75206343 0.75624446
-0.81454845 0.69968145
-0.87234560 0.63752264
-0.92488243 0.57016602
-0.97162227 0.49807779
-1.01207034 0.42179928
-1.04579757 0.34187528
-1.07237731 0.25920528
-1.09151802 0.17301304
-1.10240588 0.09007919
-1.11334794 0.00000000
