 6.60100156 0.00000000
 6.59354049 0.10465276
 6.52842163 0.35164924
 6.47263071 0.47441963
 6.40379323 0.58549138
 6.32421344 0.68298339
 6.20066791 0.79618698
 6.09229487 0.86907940
 5.95096830 0.93744090
 5.77806873 0.98747369
 5.61742419 1.00533045
 5.46998452 0.99914211
 5.33777015 0.97454684
 5.18467952 0.92174406
 5.06985983 0.86258866
 4.97216565 0.79518911
 4.87104555 0.70557007
 4.80077962 0.62694631
 4.71665617 0.49751718
 4.66466522 0.36605041
 4.64350107 0.27685729
 4.62397414 0.18797294
 4.60828108 0.14505847
 4.59049948 0.11249524
 4.55570614 0.06620783
 4.52408373 0.00000000
