 7.11541233 0.00000000
 7.10276612 0.13454452
 7.07463222 0.26026373
 7.02220155 0.40355527
 6.93781560 0.55681902
 6.85486873 0.66554740
 6.76040496 0.75924114
 6.65820008 0.83706029
 6.55787067 0.89610639
 6.43792235 0.94792538
 6.29870643 0.98647855
 6.14342836 1.00538196
 5.96932329 0.99762533
 5.79078805 0.95714369
 5.65146807 0.90006027
 5.54134178 0.83560870
 5.45388634 0.76979116
 5.36886811 0.68974325
 5.29638851 0.60315379
 5.23372549 0.50321410
 5.18576943 0.39012570
 5.15454198 0.25391193
 5.14417227 0.18952635
 5.13170484 0.14797062
 5.11946580 0.12264101
 5.10560473 0.10214538
 5.08892266 0.08394470
 5.06429009 0.06275918
 5.02074801 0.00000000
