 5.92634277 0.00000000
 5.90715231 0.17393717
 5.85886445 0.34217272
 5.79828500 0.47655836
 5.73552323 0.57871495
 5.61390746 0.72083255
 5.47054338 0.83710752
 5.30966225 0.92407986
 5.15604634 0.97575827
 5.01522702 1.00032009
 4.87124141 1.00433812
 4.73460300 0.98913625
 4.60745706 0.95739302
 4.47999897 0.90641894
 4.36431207 0.84069006
 4.26337797 0.76449824
 4.17805268 0.68195374
 4.07805302 0.55463167
 4.01438424 0.43613884
 3.98709043 0.35951330
 3.96265318 0.26206481
 3.93541465 0.15687635
 3.91173720 0.10079757
 3.87861696 0.03760383
 3.86830598 0.00196873
 3.86837412 0.00000000
