 2.79122750 0.00000000
 2.76966231 0.20131144
 2.72498815 0.35716027
 2.67564629 0.47021413
 2.57856487 0.62417154
 2.46081057 0.75367311
 2.35048514 0.84251420
 2.23466417 0.91224534
 2.11666674 0.96364990
 1.94753898 1.00846961
 1.79674952 1.02295760
 1.66138577 1.01618226
 1.54255533 0.99456594
 1.39782246 0.94661168
 1.28347404 0.88920476
 1.15814689 0.80165651
 1.03797260 0.68389345
 0.91839477 0.51018406
 0.84807003 0.34944145
 0.81504646 0.22951212
 0.79619567 0.12201711
 0.78644821 0.00000000
