 4.25707985 0.00000000
 4.22877337 0.22096132
 4.18215103 0.36890471
 4.12390002 0.49154958
 4.06128788 0.58956079
 3.96046724 0.70833826
 3.85724282 0.79867336
 3.70080754 0.89650268
 3.54638348 0.95891815
 3.40007400 0.99248968
 3.22973405 1.00371759
 3.07661175 0.98868416
 2.94176634 0.95510777
 2.77531406 0.88392092
 2.66745191 0.81629689
 2.55484267 0.72190523
 2.46134067 0.61680771
 2.40115104 0.52954818
 2.33238127 0.39434554
 2.28840953 0.26359367
 2.26357388 0.15629579
 2.24634010 0.00000000
