 1.93229981 0.00000000
 1.91147818 0.19892132
 1.85516016 0.38362884
 1.77850439 0.53206880
 1.68218678 0.66132068
 1.57102179 0.76954572
 1.45390324 0.85360971
 1.33293115 0.91690567
 1.21176998 0.96099619
 1.04009256 0.99526720
 0.88242345 1.00004864
 0.74549147 0.98382153
 0.62355051 0.95266073
 0.51642249 0.91104618
 0.38572350 0.83915439
 0.28205313 0.76152490
 0.16617627 0.64464196
 0.06115542 0.49325370
 0.00287427 0.37170597
-0.03545004 0.25539726
-0.05748661 0.14718637
-0.06811165 0.00000000
