 0.72357962 0.00000000
 0.72041540 0.03023773
 0.71416695 0.12717969
 0.70741324 0.17763472
 0.69503181 0.23607492
 0.67882396 0.29361938
 0.65879023 0.35051310
 0.63498413 0.40646760
 0.60742766 0.46126101
 0.57612453 0.51468251
 0.54107529 0.56651258
 0.50228212 0.61651940
 0.45975329 0.66445565
 0.41350702 0.71005691
 0.36357513 0.75304048
 0.31000703 0.79310473
 0.25287396 0.82992893
 0.19227365 0.86317366
 0.12833531 0.89248182
 0.06122505 0.91748056
-0.00884847 0.93778416
-0.08162826 0.95299805
-0.15680319 0.96272418
-0.23400253 0.96656783
-0.31279094 0.96414609
-0.39266460 0.95509800
-0.47304859 0.93909627
-0.55329626 0.91586073
-0.63269104 0.88517295
-0.71045128 0.84689183
-0.78573843 0.80096942
-0.85766926 0.74746622
-0.92533201 0.68656477
-0.98780542 0.61858223
-1.04418763 0.54396457
-1.09358964 0.46336207
-1.13529357 0.37715352
-1.16814850 0.28793135
-1.19202135 0.18644343
-1.20051816 0.11288392
-1.26778928 0.00000000
