 0.86986762 0.00000000
 0.85792234 0.05729146
 0.84952727 0.13898858
 0.83906662 0.20311615
 0.82255038 0.26993054
 0.80146293 0.33520532
 0.77571466 0.39911728
 0.74541712 0.46130367
 0.71064923 0.52147360
 0.67150415 0.57932712
 0.62809016 0.63456174
 0.58053335 0.68687201
 0.52897982 0.73595014
 0.47359757 0.78148685
 0.41457852 0.82317271
 0.35214049 0.86069975
 0.28652915 0.89376357
 0.21801982 0.92206585
 0.14691921 0.94531734
 0.07356672 0.96324136
-0.00166438 0.97557774
-0.07836646 0.98208724
-0.15609743 0.98255640
-0.23438141 0.97680277
-0.31271018 0.96468037
-0.39054547 0.94608536
-0.46732235 0.92096175
-0.54245352 0.88930687
-0.61533485 0.85117658
-0.68535190 0.80668989
-0.75188755 0.75603272
-0.81433053 0.69946067
-0.87208483 0.63730049
-0.92457938 0.56995026
-0.97127895 0.49787604
-1.01169019 0.42161867
-1.04538524 0.34172272
-1.07193933 0.25908432
-1.09106087 0.17294091
-1.10194434 0.09001052
-1.11282824 0.00000000
