 0.74539267 0.00000000
 0.74140400 0.03319559
 0.73472851 0.12893394
 0.72753996 0.18120680
 0.71457859 0.24096449
 0.69769504 0.29965548
 0.67686311 0.35760543
 0.65214772 0.41450762
 0.62357687 0.47013453
 0.59116425 0.52426361
 0.55492277 0.57666347
 0.51486928 0.62709078
 0.47102900 0.67528781
 0.42343911 0.72098121
 0.37215242 0.76388132
 0.31724111 0.80368188
 0.25880081 0.84006033
 0.19695501 0.87267859
 0.13185967 0.90118459
 0.06370817 0.92521465
-0.00726366 0.94439671
-0.08077246 0.95835476
-0.15648248 0.96671440
-0.23400114 0.96910980
-0.31287520 0.96519203
-0.39258813 0.95463877
-0.47255881 0.93716543
-0.55214216 0.91253748
-0.63063201 0.88058358
-0.70726681 0.84120940
-0.78123828 0.79441118
-0.85170342 0.74028861
-0.91779990 0.67905584
-0.97866371 0.61105114
-1.03345407 0.53673268
-1.08135217 0.45673101
-1.12167962 0.37150462
-1.15345672 0.28314343
-1.17651997 0.18506384
-1.18638416 0.10785344
-1.22890940 0.00000000
