 6.12051369 0.00000000
 6.09157963 0.21557078
 6.02491461 0.41003141
 5.94082397 0.56173585
 5.85433974 0.67277046
 5.69452905 0.81591417
 5.57761128 0.88888677
 5.45451974 0.94367092
 5.32871415 0.98081516
 5.16095050 1.00418160
 5.01583211 1.00121588
 4.87542468 0.97818685
 4.74905089 0.93927311
 4.63727983 0.88821411
 4.53029114 0.82206298
 4.43720557 0.74731180
 4.34009575 0.64730159
 4.24452882 0.50972756
 4.18281695 0.36176833
 4.15064953 0.22625137
 4.12851678 0.15430333
 4.09929079 0.09481344
 4.07282654 0.04906296
 4.06067466 0.02003179
 4.05823936 0.00882392
 4.05773931 0.00000000
