 0.75999591 0.00000000
 0.75527176 0.03537477
 0.74829010 0.13009656
 0.74079478 0.18361781
 0.72743758 0.24423874
 0.71009493 0.30369103
 0.68872244 0.36233973
 0.66339232 0.41986690
 0.63413670 0.47604063
 0.60097638 0.53063025
 0.56393306 0.58339632
 0.52303404 0.63408791
 0.47831644 0.68244057
 0.42983071 0.72817540
 0.37764417 0.77099859
 0.32184462 0.81060149
 0.26254428 0.84666107
 0.19988395 0.87884105
 0.13403740 0.90679372
 0.06521595 0.93016248
-0.00632692 0.94858541
-0.08029104 0.96169981
-0.15632525 0.96914790
-0.23402362 0.97058373
-0.31292246 0.96568137
-0.39249837 0.95414431
-0.47216778 0.93571606
-0.55128831 0.91019167
-0.62916226 0.87742997
-0.70504272 0.83736610
-0.77814243 0.79002376
-0.84764556 0.73552650
-0.91272256 0.67410725
-0.97254690 0.60611623
-1.02631775 0.53201733
-1.07326116 0.45242995
-1.11272895 0.36784562
-1.14383692 0.28011000
-1.16640529 0.18391841
-1.17678220 0.10498801
-1.21036036 0.00000000
