 1.89134044 0.00000000
 1.89895806 0.08946491
 1.85561061 0.31811119
 1.79707907 0.44620749
 1.72443183 0.56870332
 1.63535157 0.67914604
 1.53763557 0.77104839
 1.43402038 0.84596378
 1.32810703 0.90440609
 1.22251553 0.94778853
 1.11929672 0.97775005
 1.01990418 0.99603644
 0.92530571 1.00435619
 0.83607852 1.00430182
 0.75250259 0.99730690
 0.67463971 0.98463019
 0.60239789 0.96735660
 0.53558160 0.94640794
 0.47392975 0.92255875
 0.41714368 0.89645391
 0.36490734 0.86862620
 0.31690132 0.83951277
 0.27281245 0.80947000
 0.23234006 0.77878653
 0.19519978 0.74769455
 0.16112564 0.71637935
 0.12987103 0.68498749
 0.10120874 0.65363357
 0.07493052 0.62240589
 0.05084627 0.59137121
 0.02878304 0.56057861
 0.00858392 0.53006276
-0.00989315 0.49984658
-0.02677646 0.46994341
-0.04218163 0.44035883
-0.05621270 0.41109218
-0.06896302 0.38213776
-0.08051612 0.35348588
-0.09094654 0.32512372
-0.10032044 0.29703617
-0.10869617 0.26920660
-0.11612469 0.24161789
-0.12264975 0.21425389
-0.12830766 0.18710272
-0.13312711 0.16016115
-0.13712866 0.13343951
-0.14028416 0.10724903
-0.14248989 0.08273850
-0.14401122 0.05653285
-0.14556320 0.00875543
-0.14573775 0.00000000
