 6.26632977 0.00000000
 6.22751517 0.25163643
 6.17596582 0.39721144
 6.11033698 0.52401270
 6.03528880 0.63091377
 5.96537694 0.70904952
 5.86735019 0.79555375
 5.73645804 0.88148529
 5.60219714 0.94303547
 5.46612029 0.98260361
 5.33231422 1.00253545
 5.16125832 1.00142103
 5.01986942 0.97805167
 4.88840957 0.93709701
 4.77465765 0.88419562
 4.67736051 0.82353071
 4.58673309 0.75144196
 4.49853869 0.66324569
 4.39926661 0.52734888
 4.33172704 0.36991429
 4.29248195 0.20901096
 4.26725899 0.13549383
 4.24448261 0.09408993
 4.20475966 0.02621517
 4.19971945 0.00511158
 4.19952122 0.00000000
