 3.83268233 0.00000000
 3.82100085 0.14056320
 3.78413481 0.29638335
 3.71507593 0.46374321
 3.63727755 0.59009929
 3.54749017 0.69709469
 3.44891087 0.78645353
 3.34519690 0.85856197
 3.20903231 0.92738803
 3.06981056 0.97344224
 2.93111925 0.99797325
 2.73436666 0.99916248
 2.58842679 0.97457146
 2.46728973 0.93657629
 2.36787173 0.89181275
 2.25710897 0.82495607
 2.14460137 0.73378727
 2.04042034 0.61938575
 1.96899520 0.51460705
 1.90764523 0.39060620
 1.86002717 0.24746830
 1.82410518 0.00000000
