 0.88379042 0.00000000
 0.87175458 0.06036357
 0.86338161 0.14034641
 0.85242669 0.20598090
 0.83546179 0.27362456
 0.81381925 0.33971617
 0.78742387 0.40435626
 0.75639119 0.46717916
 0.72081053 0.52788227
 0.68078836 0.58615533
 0.63644812 0.64168719
 0.58793255 0.69416567
 0.53540550 0.74327842
 0.47905362 0.78871398
 0.41908800 0.83016329
 0.35574588 0.86732147
 0.28929215 0.89989002
 0.22002083 0.92757944
 0.14825627 0.95011219
 0.07435408 0.96722619
-0.00129831 0.97867855
-0.07828154 0.98424988
-0.15614481 0.98374873
-0.23440693 0.97701641
-0.31255823 0.96393195
-0.39006320 0.94441715
-0.46636403 0.91844149
-0.54088512 0.88602688
-0.61303842 0.84725200
-0.68222986 0.80225596
-0.74786646 0.75124133
-0.80936430 0.69447602
-0.86615710 0.63229409
-0.91770504 0.56509541
-0.96350435 0.49334223
-1.00309328 0.41756399
-1.03607079 0.33829991
-1.06205232 0.25637432
-1.08074754 0.17130742
-1.09152139 0.08851180
-1.10118824 0.00000000
