 5.87514664 0.00000000
 5.85799861 0.16410024
 5.78265865 0.40367597
 5.70058301 0.55496289
 5.58811841 0.69529006
 5.45375288 0.81313379
 5.30083162 0.90477897
 5.15240689 0.96265420
 5.01439765 0.99391804
 4.87121596 1.00520886
 4.73340842 0.99684001
 4.60340617 0.97118962
 4.47129818 0.92560781
 4.34987795 0.86367393
 4.24270919 0.78955045
 4.15135548 0.70746389
 4.07247327 0.61780625
 4.00776404 0.52326830
 3.96068591 0.42979520
 3.92562716 0.32616683
 3.89201279 0.18291802
 3.86728092 0.10903802
 3.85336252 0.08201487
 3.82816374 0.03665593
 3.81834561 0.00026188
 3.81834835 0.00000000
