 0.78402055 0.00000000
 0.77774123 0.03937341
 0.77024459 0.13197880
 0.76221287 0.18761979
 0.74819568 0.24962250
 0.73008787 0.31031619
 0.70781719 0.37009928
 0.68146696 0.42863797
 0.65107648 0.48569178
 0.61667912 0.54101621
 0.57831205 0.59435852
 0.53602078 0.64545550
 0.48986301 0.69403216
 0.43991191 0.73980119
 0.38625940 0.78246302
 0.32901954 0.82170621
 0.26833213 0.85720838
 0.20436651 0.88863773
 0.13732543 0.91565525
 0.06744902 0.93791767
-0.00498129 0.95508128
-0.07963916 0.96680666
-0.15614995 0.97276443
-0.23408806 0.97264206
-0.31297508 0.96615166
-0.39227899 0.95303876
-0.47141488 0.93309193
-0.54974729 0.90615311
-0.62659455 0.87212820
-0.70123536 0.83099771
-0.77291771 0.78282683
-0.84087025 0.72777450
-0.90431605 0.66610067
-0.96248788 0.59817191
-1.01464773 0.52445804
-1.06009060 0.44556157
-1.09821843 0.36200753
-1.12827954 0.27533604
-1.15006006 0.18180445
-1.16089941 0.10092421
-1.18540331 0.00000000
