 4.96709896 0.00000000
 4.95114164 0.16074232
 4.90392111 0.33499079
 4.81532406 0.52135986
 4.74334715 0.62517266
 4.64622668 0.73082828
 4.52252896 0.83038454
 4.41345308 0.89510933
 4.28381934 0.94992334
 4.13577800 0.98854052
 3.95462129 1.00458488
 3.80838075 0.99329109
 3.68254279 0.96591389
 3.57587030 0.92871014
 3.45229733 0.86715400
 3.33584039 0.78718770
 3.21711515 0.67530638
 3.13396345 0.56899700
 3.06676374 0.45313270
 3.01684024 0.33024268
 2.97918745 0.18768959
 2.95200631 0.00000000
