 0.93494225 0.00000000
 0.92561039 0.07036158
 0.91720641 0.14639238
 0.90426884 0.21749726
 0.88551108 0.28842847
 0.86160563 0.35774270
 0.83256563 0.42523810
 0.79853002 0.49053045
 0.75964045 0.55326681
 0.71606405 0.61309650
 0.66799149 0.66967598
 0.61563769 0.72266994
 0.55924233 0.77175285
 0.49907014 0.81661073
 0.43541116 0.85694313
 0.36858079 0.89246523
 0.29891977 0.92291019
 0.22679382 0.94803165
 0.15259308 0.96760634
 0.07673120 0.98143687
-0.00035584 0.98935462
-0.07821138 0.99122259
-0.15636008 0.98693836
-0.23431035 0.97643689
-0.31155731 0.95969326
-0.38758613 0.93672516
-0.46187584 0.90759510
-0.53390357 0.87241229
-0.60314923 0.83133404
-0.66910049 0.78456663
-0.73125803 0.73236562
-0.78914105 0.67503548
-0.84229280 0.61292845
-0.89028615 0.54644282
-0.93272913 0.47601980
-0.96926948 0.40214305
-0.99960110 0.32531756
-1.02346212 0.24615542
-1.04060728 0.16488666
-1.05081111 0.08348651
-1.05695536 0.00000000
