 5.86706468 0.00000000
 5.85022147 0.16258928
 5.77589052 0.40070277
 5.69494324 0.55126320
 5.58388193 0.69126106
 5.45091842 0.80928544
 5.29927230 0.90159431
 5.15171113 0.96039232
 5.01420206 0.99267937
 4.87121467 1.00510971
 4.73328539 0.99783128
 4.60288709 0.97317108
 4.47008622 0.92848975
 4.34778092 0.86721074
 4.23962673 0.79346744
 4.14730349 0.71149622
 4.06748435 0.62172489
 4.00182205 0.52680591
 3.95387215 0.43267193
 3.91812676 0.32818193
 3.88438210 0.18486549
 3.86050809 0.11207469
 3.84718034 0.08545993
 3.81551020 0.02470219
 3.81044680 0.00023311
 3.81044686 0.00000000
