 6.29335285 0.00000000
 6.25241953 0.25879059
 6.19854906 0.40711926
 6.12981263 0.53604702
 6.05142613 0.64409492
 5.97867614 0.72250033
 5.87716665 0.80850179
 5.74248120 0.89268832
 5.60523929 0.95154902
 5.46720224 0.98787871
 5.33243929 1.00434191
 5.16155482 0.99861623
 5.02146632 0.97168852
 4.89216483 0.92776750
 4.78106961 0.87273803
 4.68656739 0.81077613
 4.59884683 0.73805247
 4.51382494 0.64990416
 4.44776774 0.56247959
 4.39451978 0.46641486
 4.35640734 0.36278024
 4.31777176 0.20214645
 4.29571210 0.13920387
 4.26339516 0.08170154
 4.22674280 0.01069114
 4.22576399 0.00000000
