 5.72703778 0.00000000
 5.71479707 0.13815701
 5.65594341 0.35172760
 5.59230444 0.48955424
 5.50369524 0.62218472
 5.39394071 0.74076323
 5.26467110 0.84146776
 5.13356428 0.91372848
 5.00680844 0.96191743
 4.86996482 0.99321586
 4.73270323 1.00494695
 4.59800135 0.99828823
 4.45539554 0.97103444
 4.31900772 0.92349336
 4.19422124 0.85874190
 4.07354379 0.77213248
 3.99518691 0.69861880
 3.91527787 0.60446806
 3.82846302 0.46489033
 3.77927971 0.33897113
 3.74403014 0.18897428
 3.71596235 0.09620608
 3.70284480 0.06862165
 3.68198631 0.03062888
 3.67344880 0.00319617
 3.67336048 0.00000000
