 6.60907699 0.00000000
 6.60145923 0.10572814
 6.53545425 0.35437482
 6.47891607 0.47777462
 6.40912156 0.58931778
 6.32854900 0.68701010
 6.20366787 0.80008741
 6.09432428 0.87258037
 5.95202109 0.94015646
 5.77835173 0.98895674
 5.61743056 1.00555363
 5.47009820 0.99818794
 5.33828221 0.97257810
 5.18598603 0.91876761
 5.07203066 0.85900942
 4.97523203 0.79127210
 4.83962451 0.66356976
 4.74061043 0.52671757
 4.68628147 0.40839962
 4.65127110 0.27531620
 4.63149592 0.18577056
 4.61503438 0.14194301
 4.59622298 0.10875019
 4.56069489 0.06231039
 4.53191539 0.00000000
