 6.26092603 0.00000000
 6.22252349 0.25022392
 6.17142568 0.39525173
 6.10640166 0.52162644
 6.03200819 0.62828892
 5.92498006 0.74260151
 5.73518917 0.87920324
 5.60153635 0.94127036
 5.46587004 0.98147178
 5.33227644 1.00208865
 5.16121593 1.00189738
 5.01958854 0.97925021
 4.88771416 0.93890374
 4.77344074 0.88644607
 4.67558534 0.82605870
 4.58437306 0.75411271
 4.49553400 0.66592024
 4.41793215 0.56580048
 4.35654424 0.45377360
 4.31531464 0.32914713
 4.28740689 0.21034826
 4.26274083 0.13754117
 4.24060961 0.09653578
 4.20015519 0.02797329
 4.19450816 0.00555803
 4.19427330 0.00000000
