 6.36093817 0.00000000
 6.31425746 0.27735545
 6.25409302 0.43269100
 6.17696383 0.56684897
 6.08975689 0.67738655
 6.00964026 0.75601327
 5.89930468 0.84008085
 5.75526404 0.91902682
 5.61106364 0.97041514
 5.46884979 0.99817594
 5.33249351 1.00570478
 5.16310821 0.98858537
 5.02701766 0.95319459
 4.90369036 0.90243636
 4.79952006 0.84276452
 4.71198541 0.77819715
 4.63131677 0.70442616
 4.52564203 0.57870346
 4.45003288 0.43939161
 4.41688863 0.33526904
 4.38877109 0.21308385
 4.37679794 0.17338468
 4.35866119 0.13088274
 4.33186230 0.08623314
 4.29132053 0.00000000
