 1.90753082 0.00000000
 1.91562437 0.08832555
 1.87056053 0.32391653
 1.81013124 0.45307014
 1.73559067 0.57643930
 1.64418448 0.68746241
 1.54430684 0.77922929
 1.43873892 0.85352371
 1.33119483 0.91096981
 1.22433124 0.95311137
 1.12020000 0.98170026
 1.02022943 0.99857347
 0.92534771 1.00550768
 0.83608658 1.00414294
 0.75268027 0.99594318
 0.67514794 0.98218426
 0.60335976 0.96395838
 0.53708770 0.94218778
 0.47604352 0.91764282
 0.41990636 0.89096133
 0.36834226 0.86266740
 0.32101765 0.83318876
 0.27760831 0.80287222
 0.23780509 0.77199707
 0.20131724 0.74078663
 0.16787409 0.70941797
 0.13722568 0.67803007
 0.10914250 0.64673068
 0.08341482 0.61560195
 0.05985173 0.58470511
 0.03827992 0.55408436
 0.01854251 0.52377001
 0.00049776 0.49378116
-0.01598214 0.46412776
-0.03101220 0.43481245
-0.04469573 0.40583197
-0.05712530 0.37717835
-0.06838369 0.34883993
-0.07854462 0.32080217
-0.08767349 0.29304851
-0.09582789 0.26556108
-0.10305806 0.23832176
-0.10940706 0.21131369
-0.11491061 0.18452461
-0.11959686 0.15795132
-0.12348583 0.13160560
-0.12654870 0.10581072
-0.12868466 0.08172450
-0.13016026 0.05592139
-0.13166453 0.00835305
-0.13182482 0.00000000
