 0.76320426 0.00000000
 0.75829692 0.03587798
 0.75124641 0.13035015
 0.74368187 0.18414947
 0.73023709 0.24495770
 0.71279298 0.30457651
 0.69130119 0.36337774
 0.66583550 0.42104114
 0.63642896 0.47733376
 0.60310398 0.53202311
 0.56588426 0.58486798
 0.52479944 0.63561580
 0.47988933 0.68400065
 0.43120736 0.72974246
 0.37882405 0.77254659
 0.32283069 0.81210391
 0.26334316 0.84809139
 0.20050607 0.88017325
 0.13449708 0.90800281
 0.06553141 0.93122514
-0.00613365 0.94948064
-0.08019432 0.96240963
-0.15629618 0.96965804
-0.23403051 0.97088434
-0.31293148 0.96576767
-0.39247434 0.95401717
-0.47207517 0.93538244
-0.55109232 0.90966492
-0.62883010 0.87672993
-0.70454493 0.83651887
-0.77745418 0.78906125
-0.84674803 0.73448560
-0.91160401 0.67302874
-0.97120371 0.60504332
-1.02475490 0.53099422
-1.07149320 0.45149854
-1.11077712 0.36705356
-1.14174181 0.27945818
-1.16420330 0.18365007
-1.17466486 0.10440267
-1.20671351 0.00000000
