 1.47932971 0.00000000
 1.47668851 0.04905929
 1.46801107 0.13051477
 1.44008857 0.25618746
 1.39738259 0.37235019
 1.33990031 0.48152371
 1.27039592 0.57975617
 1.19127253 0.66581811
 1.10512834 0.73894014
 1.01440179 0.79900796
 0.92128962 0.84637771
 0.82767426 0.88175307
 0.73510087 0.90606526
 0.64478498 0.92037196
 0.55764057 0.92577739
 0.47431908 0.92337350
 0.39525213 0.91419979
 0.32069357 0.89921837
 0.25075767 0.87930076
 0.18545252 0.85522309
 0.12470798 0.82766717
 0.06839852 0.79722514
 0.01636144 0.76440643
-0.03158897 0.72964558
-0.07565046 0.69331051
-0.11602469 0.65571051
-0.15291110 0.61710380
-0.18650256 0.57770448
-0.21698221 0.53768877
-0.24452127 0.49720068
-0.26927750 0.45635698
-0.29139411 0.41525190
-0.31099888 0.37396150
-0.32820335 0.33254812
-0.34310082 0.29106700
-0.35576641 0.24957159
-0.36621210 0.20814222
-0.37430086 0.16713053
-0.38244683 0.10794873
-0.38633850 0.05255419
-0.38688541 0.00638426
-0.38701412 0.00000000
