 4.83265887 0.00000000
 4.82079794 0.13810214
 4.78337820 0.29415422
 4.71301494 0.46425875
 4.65561451 0.56139012
 4.57664309 0.66384310
 4.47285177 0.76573326
 4.37895835 0.83665152
 4.26396760 0.90251495
 4.12769971 0.95704507
 3.95385404 0.99593421
 3.80727334 1.00429750
 3.67641518 0.99348926
 3.56179461 0.96953943
 3.42460600 0.92125566
 3.29083354 0.85038878
 3.18911116 0.77689013
 3.11147350 0.70549264
 3.03619713 0.61894363
 2.97092605 0.52345348
 2.89736619 0.37203791
 2.85169624 0.21784305
 2.81844217 0.00000000
