 5.93981812 0.00000000
 5.92005681 0.17660315
 5.87067187 0.34659548
 5.80870622 0.48217466
 5.74448713 0.58505318
 5.62038960 0.72755125
 5.47462855 0.84328666
 5.31169451 0.92889412
 5.15679875 0.97884340
 5.01534759 1.00158410
 4.87127364 1.00368000
 4.73505565 0.98670657
 4.60875737 0.95341698
 4.48259157 0.90111615
 4.36844263 0.83449006
 4.26914787 0.75784861
 4.18534964 0.67525362
 4.08933711 0.55159205
 4.00762198 0.38117761
 3.96751849 0.22352888
 3.94003729 0.13314033
 3.92249631 0.09534173
 3.88943974 0.03245891
 3.88237678 0.01269808
 3.88148402 0.00165185
 3.88153599 0.00000000
