 0.80322366 0.00000000
 0.79545591 0.04295750
 0.78758498 0.13346473
 0.77908968 0.19087031
 0.76453794 0.25394746
 0.74580705 0.31562976
 0.72280712 0.37631140
 0.69562931 0.43564866
 0.66431934 0.49339272
 0.62892157 0.54928762
 0.58948656 0.60306989
 0.54607542 0.65446675
 0.49876325 0.70319518
 0.44764227 0.74896191
 0.39282479 0.79146364
 0.33444641 0.83038777
 0.27266932 0.86541371
 0.20768573 0.89621461
 0.13972134 0.92245987
 0.06903876 0.94381831
-0.00405920 0.95996214
-0.07922651 0.97057177
-0.15607139 0.97534151
-0.23415440 0.97398616
-0.31298747 0.96624840
-0.39203394 0.95190702
-0.47071003 0.93078574
-0.54838785 0.90276245
-0.62440024 0.86777861
-0.69804754 0.82584841
-0.76860644 0.77706731
-0.83534087 0.72161945
-0.89751483 0.65978332
-0.95440649 0.59193588
-1.00532550 0.51854917
-1.04961799 0.44021263
-1.08672516 0.35746594
-1.11598434 0.27166096
-1.13715443 0.17998347
-1.14815796 0.09810925
-1.16802834 0.00000000
