 0.78336318 0.00000000
 0.77713166 0.03925679
 0.76964878 0.13192776
 0.76163233 0.18750952
 0.74763332 0.24947503
 0.72954663 0.31013489
 0.70730070 0.36988714
 0.68097856 0.42839839
 0.65061931 0.48542840
 0.61625595 0.54073307
 0.57792523 0.59406002
 0.53567212 0.64514638
 0.48955375 0.69371742
 0.43964266 0.73948606
 0.38603007 0.78215288
 0.32882932 0.82140649
 0.26817945 0.85692445
 0.20424902 0.88837483
 0.13723999 0.91541837
 0.06739172 0.93771139
-0.00501513 0.95490965
-0.07965489 0.96667308
-0.15615353 0.97267151
-0.23408597 0.97259149
-0.31297414 0.96614407
-0.39228624 0.95307363
-0.47143734 0.93316756
-0.54979175 0.90626652
-0.62666733 0.87227517
-0.70134206 0.83117282
-0.77306296 0.78302359
-0.84105747 0.72798551
-0.90454722 0.66631786
-0.96276343 0.59838679
-1.01496640 0.52466202
-1.06044932 0.44574653
-1.09861278 0.36216465
-1.12870182 0.27546371
-1.15050352 0.18186503
-1.16133464 0.10102655
-1.18602852 0.00000000
