 2.28023722 0.00000000
 2.26126811 0.18809885
 2.22078921 0.33577219
 2.17484129 0.44481027
 2.09016800 0.58538278
 1.99473393 0.69910443
 1.89160384 0.79138757
 1.78159394 0.86568721
 1.66796665 0.92252638
 1.50756956 0.97501516
 1.35699539 0.99852871
 1.21968633 0.99995105
 1.04487063 0.97402107
 0.90175242 0.92792406
 0.78899519 0.87354371
 0.65779476 0.78541937
 0.54973426 0.68584056
 0.46591057 0.58364112
 0.40326986 0.48419094
 0.32932740 0.31440999
 0.28941827 0.14386139
 0.27933306 0.00000000
