 0.82916713 0.00000000
 0.81933067 0.04828717
 0.81109562 0.13549624
 0.80190975 0.19540449
 0.78662044 0.25991439
 0.76701896 0.32294890
 0.74300259 0.38485249
 0.71467144 0.44527179
 0.68208159 0.50394425
 0.64529402 0.56059771
 0.60437931 0.61495393
 0.55942147 0.66672736
 0.51052095 0.71562482
 0.45779725 0.76134588
 0.40139169 0.80358349
 0.34147016 0.84202518
 0.27822595 0.87635459
 0.21188265 0.90625366
 0.14269694 0.93140541
 0.07096134 0.95149724
-0.00299339 0.96622511
-0.07879616 0.97529823
-0.15603401 0.97844462
-0.23425124 0.97541724
-0.31294949 0.96600077
-0.39158877 0.95001895
-0.46958981 0.92734224
-0.54633775 0.89789561
-0.62118745 0.86166631
-0.69347030 0.81871116
-0.76250278 0.76916316
-0.82759653 0.71323687
-0.88806993 0.65123226
-0.94326053 0.58353708
-0.99253964 0.51062344
-1.03531823 0.43306278
-1.07108915 0.35140357
-1.09929291 0.26679274
-1.11965889 0.17738171
-1.13071261 0.09472410
-1.14621158 0.00000000
