 0.75012739 0.00000000
 0.74591765 0.03388288
 0.73914448 0.12931229
 0.73185791 0.18198693
 0.71876875 0.24202635
 0.70173686 0.30096478
 0.68073012 0.35914209
 0.65581586 0.41624780
 0.62702339 0.47205302
 0.59436868 0.52633260
 0.55786744 0.57885255
 0.51753986 0.62936706
 0.47341495 0.67761619
 0.42553417 0.72332477
 0.37395498 0.76620173
 0.31875460 0.80593999
 0.26003403 0.84221675
 0.19792235 0.87469444
 0.13258133 0.90302234
 0.06421018 0.92683896
-0.00694947 0.94577546
-0.08060876 0.95946007
-0.15642684 0.96752371
-0.23400668 0.96960697
-0.31289154 0.96536836
-0.39256250 0.95449393
-0.47243752 0.93670828
-0.55187224 0.91178652
-0.63016314 0.87956726
-0.70655333 0.83996588
-0.78024128 0.79298769
-0.85039283 0.73874033
-0.91615629 0.67744426
-0.97667996 0.60944179
-1.03113610 0.53519315
-1.07872071 0.45532514
-1.11876507 0.37030835
-1.15032188 0.28214721
-1.17322289 0.18470778
-1.18327927 0.10688587
-1.22248037 0.00000000
