 1.54251358 0.00000000
 1.53933499 0.05450690
 1.52942105 0.13974038
 1.49707775 0.27380489
 1.44815817 0.39588060
 1.38281873 0.50913579
 1.30477509 0.60900679
 1.21715062 0.69434128
 1.12319114 0.76462325
 1.02579911 0.82014558
 0.92745535 0.86173266
 0.83016338 0.89055406
 0.73546019 0.90796143
 0.64446127 0.91536423
 0.55792311 0.91414214
 0.47631031 0.90558885
 0.39985919 0.89088035
 0.32863403 0.87106099
 0.26257404 0.84704165
 0.20153134 0.81960542
 0.14530068 0.78941770
 0.09364208 0.75703822
 0.04629778 0.72293375
 0.00300448 0.68749039
-0.03649786 0.65102508
-0.07246001 0.61379587
-0.10511951 0.57601119
-0.13469806 0.53783781
-0.16140007 0.49940776
-0.18541179 0.46082442
-0.20690069 0.42216776
-0.22601454 0.38349902
-0.24287712 0.34486605
-0.25757311 0.30630554
-0.27007369 0.26791122
-0.28020370 0.22971893
-0.29141044 0.17295091
-0.30968254 0.01994925
-0.30885927 0.00389042
-0.30819962 0.00000000
