 2.39000629 0.00000000
 2.36633594 0.20999471
 2.31686949 0.37178298
 2.26074746 0.48987267
 2.15892312 0.63833186
 2.04683803 0.75376028
 1.92835431 0.84303196
 1.80504533 0.91051626
 1.68096910 0.95780179
 1.51114234 0.99416723
 1.35717533 1.00130436
 1.22115489 0.98782592
 1.05377807 0.94427013
 0.92131685 0.88608756
 0.81974287 0.82441299
 0.70455992 0.73130577
 0.61195461 0.63162043
 0.54148982 0.53299200
 0.48963111 0.43943919
 0.42923806 0.28331775
 0.39707031 0.12933608
 0.38894859 0.00000000
