 2.62301552 0.00000000
 2.60568578 0.17801114
 2.56478251 0.33079295
 2.51006135 0.45878720
 2.42539172 0.59531153
 2.33164682 0.70473176
 2.23095844 0.79380377
 2.12763754 0.86375584
 1.97667271 0.93634671
 1.82924292 0.97996348
 1.68984876 0.99964938
 1.51220296 0.99622519
 1.36299631 0.96838606
 1.23965496 0.92671592
 1.09772373 0.85434310
 0.95298780 0.74620430
 0.83199752 0.61606918
 0.76753912 0.52255584
 0.70205668 0.39540812
 0.66202348 0.28396935
 0.63289699 0.15177126
 0.62161368 0.00000000
