 4.94020240 0.00000000
 4.92515030 0.15598129
 4.88006903 0.32649290
 4.79546545 0.50957880
 4.72662673 0.61216157
 4.63331035 0.71741287
 4.51369070 0.81777593
 4.40763565 0.88405308
 4.28076444 0.94140124
 4.13478362 0.98348260
 3.95461624 1.00428628
 3.80788742 0.99689428
 3.68070704 0.97269074
 3.57219620 0.93793429
 3.44571092 0.87870109
 3.32572269 0.80019080
 3.20254994 0.68866636
 3.10658180 0.56802355
 3.05229746 0.47756228
 2.99265578 0.33824782
 2.95359831 0.19354876
 2.92529087 0.00000000
