 4.66061536 0.00000000
 4.64315227 0.17018917
 4.57259438 0.39792550
 4.50552889 0.52757432
 4.38992153 0.68012511
 4.27418119 0.78783602
 4.10276184 0.89705659
 3.94558629 0.96016260
 3.80601178 0.99237012
 3.67535718 1.00397193
 3.55593170 0.99961263
 3.40631238 0.97361953
 3.25309380 0.92110041
 3.13124604 0.85774093
 3.03468251 0.79057165
 2.93831941 0.70369973
 2.85229964 0.60258970
 2.77935892 0.48843870
 2.72747326 0.37649038
 2.68947563 0.25777175
 2.66187725 0.13078326
 2.64731108 0.00000000
