 7.17745260 0.00000000
 7.16291728 0.14493787
 7.13171967 0.27701484
 7.07327579 0.42721162
 6.97994464 0.58570593
 6.88856911 0.69637776
 6.78559793 0.78966611
 6.67590797 0.86501533
 6.56944823 0.92020633
 6.44383594 0.96608172
 6.30048571 0.99674471
 6.14345855 1.00616234
 5.97093863 0.98779795
 5.79776352 0.93757065
 5.66528111 0.87429164
 5.56203893 0.80639937
 5.48082951 0.73906856
 5.40284869 0.65892359
 5.31131447 0.53229739
 5.25222915 0.40444328
 5.22959061 0.32312139
 5.21206582 0.22194645
 5.20042282 0.16450990
 5.19249470 0.14266964
 5.17784640 0.11486296
 5.16099402 0.09309474
 5.13698421 0.07108322
 5.11452337 0.05341288
 5.08029845 0.00000000
