 5.74857245 0.00000000
 5.73570163 0.14170493
 5.67469612 0.35895260
 5.60866022 0.49873584
 5.51683103 0.63267656
 5.40365758 0.75146082
 5.27095023 0.85124375
 5.13716156 0.92175047
 5.00852504 0.96773765
 4.87041223 0.99627984
 4.73270526 1.00510530
 4.59834059 0.99560402
 4.45694265 0.96547518
 4.32253545 0.91553265
 4.20021449 0.84910127
 4.08258621 0.76152473
 4.00653366 0.68789283
 3.90291646 0.55676872
 3.83269906 0.42758358
 3.79635581 0.32185168
 3.75640941 0.15180637
 3.72454740 0.06891315
 3.70544740 0.03559756
 3.69704757 0.01605208
 3.69447389 0.00145652
 3.69445824 0.00000000
