 1.09675370 0.00000000
 1.09486105 0.04437539
 1.09157518 0.08736319
 1.07976993 0.17173317
 1.06086418 0.25593355
 1.03492165 0.33785752
 1.00204102 0.41701289
 0.96256643 0.49273473
 0.91689370 0.56445196
 0.86547726 0.63164106
 0.80881583 0.69383875
 0.74744430 0.75064435
 0.68192456 0.80172194
 0.61283668 0.84680107
 0.54077048 0.88567608
 0.46631763 0.91820431
 0.39006450 0.94430332
 0.31258580 0.96394734
 0.23443915 0.97716308
 0.15616053 0.98402514
 0.07826066 0.98465113
 0.00122222 0.97919676
-0.07450207 0.96785091
-0.14849065 0.95083087
-0.22035372 0.92837782
-0.28973319 0.90075263
-0.35630217 0.86823202
-0.41976418 0.83110508
-0.47985190 0.78967025
-0.53632584 0.74423269
-0.58897281 0.69510200
-0.63760427 0.64259043
-0.68205474 0.58701132
-0.72218018 0.52867804
-0.75785652 0.46790307
-0.78897793 0.40499782
-0.81546070 0.34026993
-0.83723434 0.27405149
-0.85446193 0.20642180
-0.86709760 0.13885593
-0.87483897 0.07406310
-0.87910433 0.02651687
-0.88158132 0.00000000
