 1.95370075 0.00000000
 1.93196930 0.20317721
 1.87335362 0.39122719
 1.79374262 0.54173418
 1.69410989 0.67193078
 1.57962165 0.78002235
 1.45959670 0.86305345
 1.33624829 0.92464107
 1.21335135 0.96658725
 1.04030661 0.99738960
 0.88249642 0.99880873
 0.74630494 0.97973555
 0.62568977 0.94624951
 0.52024216 0.90286146
 0.39224865 0.82931648
 0.29122677 0.75095168
 0.17882764 0.63414316
 0.07743283 0.48415151
 0.02135810 0.36440336
-0.01543266 0.25019472
-0.03655429 0.14415500
-0.04673528 0.00000000
