 1.29623669 0.00000000
 1.30137928 0.09293978
 1.28198936 0.21512010
 1.25468003 0.31251487
 1.21616247 0.41098715
 1.16840403 0.50295425
 1.11200363 0.58857457
 1.04812365 0.66679711
 0.97788520 0.73703348
 0.90246173 0.79885152
 0.82301010 0.85201846
 0.74064510 0.89647300
 0.65641323 0.93230466
 0.57127515 0.95972857
 0.48609452 0.97906036
 0.40163267 0.99069179
 0.31854815 0.99506856
 0.23739990 0.99267068
 0.15865323 0.98399580
 0.08268749 0.96954555
 0.00980489 0.94981467
-0.05976043 0.92528276
-0.12583321 0.89640829
-0.18828834 0.86362451
-0.24704266 0.82733699
-0.30204752 0.78792241
-0.35328203 0.74572833
-0.40074717 0.70107381
-0.44446059 0.65425050
-0.48445211 0.60552417
-0.52075994 0.55513658
-0.55342741 0.50330740
-0.58250020 0.45023637
-0.60802414 0.39610521
-0.63004236 0.34108042
-0.64858840 0.28532831
-0.66373821 0.22889735
-0.67540506 0.17208300
-0.68217572 0.12039352
-0.69120157 0.03109465
-0.69678810 0.00000000
