 6.45021394 0.00000000
 6.39485057 0.30340184
 6.32518688 0.46821266
 6.23555202 0.60891538
 6.13570195 0.72172880
 6.04536874 0.79951973
 5.92329192 0.87943961
 5.76747179 0.94950065
 5.61546125 0.98953952
 5.46946496 1.00515194
 5.33284623 1.00057638
 5.16766937 0.96908935
 5.03832046 0.92363655
 4.92394015 0.86523727
 4.78905133 0.76851120
 4.68166300 0.66422354
 4.58280564 0.52878426
 4.52269954 0.39404830
 4.49933768 0.30720603
 4.47202017 0.18996083
 4.46104525 0.15815101
 4.43811668 0.11300031
 4.40300876 0.06205277
 4.37771794 0.00000000
