 6.14750372 0.00000000
 6.11692553 0.22192694
 6.04721008 0.42018584
 5.95920210 0.57424825
 5.86897284 0.68616815
 5.70350487 0.82858756
 5.58327393 0.89984269
 5.45751173 0.95212413
 5.32989169 0.98630498
 5.16099615 1.00526229
 5.01612778 0.99841440
 4.87700407 0.97185577
 4.75270455 0.93005534
 4.64348822 0.87688568
 4.53955171 0.80929312
 4.44949145 0.73391210
 4.36338214 0.64313661
 4.27073822 0.50891060
 4.21709360 0.38473895
 4.19487035 0.30237039
 4.16936880 0.19462721
 4.13102334 0.10294941
 4.09729141 0.04520530
 4.08672728 0.01919212
 4.08423957 0.00611477
 4.08401258 0.00000000
