 0.84461069 0.00000000
 0.83371798 0.05165549
 0.82536719 0.13675743
 0.81572741 0.19822624
 0.79998526 0.26359519
 0.77984107 0.32745727
 0.75519198 0.39010490
 0.72614269 0.45118065
 0.69275678 0.51041222
 0.65510641 0.56751732
 0.61327541 0.62220867
 0.56736276 0.67419317
 0.51748520 0.72317190
 0.46377972 0.76884069
 0.40640596 0.81089105
 0.34554875 0.84901151
 0.28142065 0.88288942
 0.21426440 0.91221327
 0.14435541 0.93667554
 0.07200392 0.95597619
-0.00244304 0.96982675
-0.07860011 0.97795496
-0.15604272 0.98011010
-0.23430673 0.97606882
-0.31288910 0.96564153
-0.39124948 0.94867905
-0.46881292 0.92507958
-0.54497396 0.89479567
-0.61910198 0.85784097
-0.69054806 0.81429649
-0.75865319 0.76431605
-0.82275782 0.70813068
-0.88221262 0.64605147
-0.93638989 0.57847098
-0.98469670 0.50585991
-1.02658101 0.42877850
-1.06156591 0.34777600
-1.08914632 0.26389597
-1.10903961 0.17575281
-1.12005837 0.09286838
-1.13357339 0.00000000
