 6.56332081 0.00000000
 6.55655629 0.09976143
 6.49542647 0.33912380
 6.44297499 0.45898454
 6.37845640 0.56780308
 6.30340814 0.66424465
 6.18601301 0.77782584
 6.08217932 0.85239126
 5.94550395 0.92419336
 5.77641690 0.97977801
 5.61732343 1.00343912
 5.46963345 1.00275422
 5.33576763 0.98299477
 5.17915050 0.93508508
 5.06039091 0.87892838
 4.95850262 0.81329152
 4.85259151 0.72442709
 4.73084987 0.58345621
 4.66169389 0.46155137
 4.62937711 0.37402242
 4.60728886 0.28412801
 4.58865858 0.19786436
 4.56778901 0.14021592
 4.54915534 0.10767798
 4.51330633 0.05943575
 4.48752721 0.00000000
