 2.05805681 0.00000000
 2.03131464 0.22516654
 1.98874077 0.36354353
 1.93162913 0.48552348
 1.86470608 0.59025776
 1.74780285 0.72394170
 1.61656225 0.82978875
 1.48251187 0.90610619
 1.34832507 0.95785497
 1.21815720 0.98821993
 1.04054633 1.00127339
 0.88409822 0.98637586
 0.75313239 0.95413942
 0.64013372 0.91037221
 0.54358153 0.85952237
 0.42910808 0.77958272
 0.34075832 0.69898904
 0.24446271 0.58389104
 0.15937263 0.44148720
 0.11302593 0.33054478
 0.07315859 0.17846549
 0.05748377 0.00000000
