 6.15560184 0.00000000
 6.12451473 0.22386231
 6.05385710 0.42326771
 5.96464068 0.57803088
 5.87326776 0.69019499
 5.70608995 0.83235011
 5.58487037 0.90305499
 5.45832761 0.95455614
 5.33019081 0.98782631
 5.16100042 1.00544533
 5.01624727 0.99743845
 4.87754346 0.96983725
 4.75389242 0.92719525
 4.64545649 0.87342163
 4.54243800 0.80542800
 4.45327619 0.72988401
 4.33642471 0.59866322
 4.25908780 0.47021914
 4.22435509 0.38239162
 4.20253353 0.30063551
 4.17684934 0.19238241
 4.13716691 0.09945815
 4.10365494 0.04201007
 4.09408292 0.01719121
 4.09207135 0.00548155
 4.09189312 0.00000000
