 7.29082245 0.00000000
 7.27223761 0.16548190
 7.23455330 0.30972087
 7.16331370 0.47294544
 7.05144214 0.64020393
 6.94311860 0.75283776
 6.82414750 0.84321125
 6.70095721 0.91182961
 6.58402617 0.95791226
 6.44980645 0.99109414
 6.30138524 1.00605726
 6.14420299 0.99775277
 5.97776802 0.96106123
 5.81689326 0.89527315
 5.69792012 0.82312549
 5.57124676 0.71752949
 5.47288112 0.60570950
 5.41401521 0.51498925
 5.36651968 0.41036379
 5.33805274 0.30212330
 5.31880035 0.18063775
 5.31048911 0.15056902
 5.29634585 0.11995043
 5.28021717 0.09745612
 5.26033133 0.07822915
 5.22146940 0.04985092
 5.19159240 0.01430327
 5.18880894 0.00193138
 5.18875394 0.00000000
