 0.71647378 0.00000000
 0.71351887 0.02933754
 0.70740209 0.12660688
 0.70078443 0.17648026
 0.68858806 0.23448581
 0.67259692 0.29165503
 0.65281995 0.34820209
 0.62930683 0.40384471
 0.60207762 0.45836266
 0.57113295 0.51154883
 0.53646957 0.56318751
 0.49808509 0.61305064
 0.45598254 0.66089440
 0.41017416 0.70645739
 0.36068518 0.74945939
 0.30755777 0.78960053
 0.25085534 0.82656102
 0.19066732 0.86000132
 0.12711420 0.88956309
 0.06035314 0.91487092
-0.00941625 0.93553506
-0.08194586 0.95115530
-0.15693297 0.96132624
-0.23401446 0.96564406
-0.31276144 0.96371498
-0.39267492 0.95516549
-0.47318272 0.93965433
-0.55363845 0.91688618
-0.63332288 0.88662679
-0.71144844 0.84871920
-0.78716728 0.80310024
-0.85958343 0.74981675
-0.92776927 0.68903998
-0.99078501 0.62107936
-1.04770928 0.54637574
-1.09763026 0.46558721
-1.13982175 0.37905492
-1.17306715 0.28958775
-1.19726784 0.18677421
-1.20505742 0.11475902
-1.28648143 0.00000000
