 0.72822306 0.00000000
 0.72490772 0.03084134
 0.71857143 0.12755402
 0.71172738 0.17839177
 0.69922389 0.23711476
 0.68287341 0.29490405
 0.66267092 0.35202369
 0.63867239 0.40818121
 0.61090108 0.46315362
 0.57936278 0.51672765
 0.54406058 0.56868126
 0.50499968 0.61878017
 0.46219190 0.66677483
 0.41565936 0.71239884
 0.36543831 0.75536794
 0.31158292 0.79537943
 0.25416958 0.83211206
 0.19330148 0.86522656
 0.12911353 0.89436676
 0.06177768 0.91916159
-0.00849155 0.93922810
-0.08143144 0.95417551
-0.15672547 0.96361066
-0.23399805 0.96714490
-0.31280982 0.96440249
-0.39265398 0.95503065
-0.47295401 0.93871127
-0.55306333 0.91517399
-0.63226732 0.88421062
-0.70978838 0.84569025
-0.78479426 0.79957465
-0.85641017 0.74593305
-0.92373484 0.68495507
-0.98585923 0.61696270
-1.04189446 0.54240495
-1.09096662 0.46192741
-1.13236503 0.37592988
-1.16497867 0.28687961
-1.18866340 0.18619224
-1.19753638 0.11172557
-1.25769208 0.00000000
