 0.95347061 0.00000000
 0.94586677 0.07321547
 0.93731878 0.14901387
 0.92365556 0.22195010
 0.90419967 0.29415736
 0.87940034 0.36469766
 0.84931257 0.43327222
 0.81408980 0.49948514
 0.77389785 0.56296372
 0.72893027 0.62334224
 0.67940629 0.68026587
 0.62557103 0.73339217
 0.56769528 0.78239288
 0.50607523 0.82695585
 0.44103208 0.86678708
 0.37291138 0.90161284
 0.30208234 0.93118188
 0.22893677 0.95526768
 0.15388786 0.97367083
 0.07736864 0.98622130
-0.00016978 0.99278083
-0.07826039 0.99324513
-0.15642265 0.98754609
-0.23416526 0.97565380
-0.31098926 0.95757836
-0.38639140 0.93337145
-0.45986782 0.90312765
-0.53091803 0.86698529
-0.59904903 0.82512701
-0.66377974 0.77777982
-0.72464542 0.72521464
-0.78120226 0.66774533
-0.83303190 0.60572722
-0.87974585 0.53955504
-0.92098983 0.46966001
-0.95644753 0.39650834
-0.98584461 0.32058813
-1.00895293 0.24245399
-1.02555789 0.16247352
-1.03550621 0.08188903
-1.04065005 0.00000000
