 1.72907679 0.00000000
 1.71524480 0.16251360
 1.67684289 0.31747366
 1.62378516 0.44586327
 1.55497736 0.56343315
 1.47271703 0.66848385
 1.33289230 0.79736864
 1.18329403 0.89138356
 1.03064372 0.95411364
 0.88114356 0.98919451
 0.74334821 1.00086618
 0.61384250 0.99438751
 0.49438319 0.97317819
 0.34077056 0.92275605
 0.21232826 0.85740112
 0.10599537 0.78348900
 0.01860322 0.70509288
-0.08292726 0.58512464
-0.17715342 0.42449877
-0.23518414 0.26742599
-0.26488020 0.11455570
-0.27115408 0.00000000
