 0.73786701 0.00000000
 0.73419714 0.03213838
 0.72767325 0.12833032
 0.72063775 0.17997010
 0.70787824 0.23927661
 0.69122935 0.29757315
 0.67067425 0.35516024
 0.64627398 0.41173726
 0.61805446 0.46707878
 0.58602585 0.52096634
 0.55019668 0.57317266
 0.51057863 0.62345838
 0.46719094 0.67156931
 0.42006413 0.71723510
 0.36924368 0.76016838
 0.31479381 0.80006436
 0.25680170 0.83660095
 0.19538190 0.86943942
 0.13068116 0.89822577
 0.06288353 0.92259295
-0.00778446 0.94216398
-0.08104837 0.95655624
-0.15658075 0.96538702
-0.23399627 0.96828039
-0.31284757 0.96487561
-0.39262217 0.95483704
-0.47274072 0.93786543
-0.55255723 0.91371067
-0.63136162 0.88218546
-0.70838513 0.84317967
-0.78280885 0.79667474
-0.85377577 0.74275731
-0.92040653 0.68163114
-0.98181746 0.61362764
-1.03714676 0.53920134
-1.08555172 0.45898903
-1.12633906 0.37342668
-1.15847438 0.28475513
-1.18180127 0.18559310
-1.19129569 0.10947624
-1.24025439 0.00000000
