 6.44480095 0.00000000
 6.39000251 0.30177185
 6.32095634 0.46600259
 6.23212702 0.60632529
 6.13307405 0.71903861
 6.04337285 0.79692026
 5.92200555 0.87714589
 5.76687249 0.94780930
 5.61528361 0.98857907
 5.46945712 1.00494926
 5.33279318 1.00110959
 5.16729340 0.97046255
 5.03749355 0.92557967
 4.92253988 0.86759737
 4.78682932 0.77116233
 4.67866566 0.66690004
 4.57547525 0.52524758
 4.51670952 0.39269632
 4.49422366 0.30835205
 4.46701908 0.19144595
 4.45633422 0.16002306
 4.43414915 0.11542141
 4.39937336 0.06454903
 4.37248546 0.00000000
