 6.73560021 0.00000000
 6.73068634 0.08298293
 6.70598103 0.21807512
 6.64369051 0.39906005
 6.57387120 0.53247347
 6.48763499 0.65065871
 6.39056756 0.75016845
 6.24416410 0.85896235
 6.11996812 0.92324331
 5.96361976 0.97634893
 5.78038607 1.00417658
 5.61778498 1.00062803
 5.47456034 0.97526459
 5.35080636 0.93502856
 5.21248485 0.86741838
 5.11265449 0.80009640
 5.02927870 0.72875278
 4.95601752 0.65236050
 4.88392077 0.55509855
 4.82245303 0.43372025
 4.77691094 0.26840335
 4.75683560 0.17731892
 4.74279347 0.14036477
 4.72541098 0.11003810
 4.69508743 0.07233137
 4.66434007 0.03230607
 4.65448205 0.00000000
