 0.88256629 0.00000000
 0.87052293 0.06009666
 0.86214749 0.14022267
 0.85123714 0.20572399
 0.83431238 0.27329365
 0.81271971 0.33931230
 0.78638249 0.40388742
 0.75541589 0.46665364
 0.71990825 0.52730941
 0.67996482 0.58554539
 0.63570763 0.64105121
 0.58727794 0.69351528
 0.53483798 0.74262562
 0.47857271 0.78807095
 0.41869149 0.82954216
 0.35542982 0.86673405
 0.28905087 0.89934757
 0.21984701 0.92709237
 0.14814100 0.94968987
 0.07428704 0.96687662
-0.00132867 0.97840818
-0.07828779 0.98406336
-0.15614025 0.98364872
-0.23440530 0.97700346
-0.31257334 0.96400439
-0.39010859 0.94457103
-0.46645254 0.91867061
-0.54102853 0.88632289
-0.61324705 0.84760456
-0.68251220 0.80265299
-0.74822884 0.75166931
-0.80981064 0.69492039
-0.86668868 0.63273970
-0.91832040 0.56552695
-0.96419929 0.49374481
-1.00386082 0.41792370
-1.03690162 0.33860341
-1.06293369 0.25661433
-1.08166641 0.17145340
-1.09245080 0.08864151
-1.10221924 0.00000000
