 0.82817392 0.00000000
 0.81841227 0.04807460
 0.81018732 0.13541692
 0.80102947 0.19522665
 0.78576887 0.25968165
 0.76620157 0.32266366
 0.74222506 0.38451995
 0.71393914 0.44489747
 0.68139946 0.50353422
 0.64466631 0.56015871
 0.60380945 0.61449326
 0.55891198 0.66625280
 0.51007330 0.71514454
 0.45741186 0.76086828
 0.40106783 0.80311712
 0.34120588 0.84157852
 0.27801811 0.87593593
 0.21172687 0.90587091
 0.14258767 0.93106588
 0.07089187 0.95120750
-0.00303082 0.96599076
-0.07881023 0.97512372
-0.15603418 0.97833306
-0.23424755 0.97537024
-0.31295231 0.96601833
-0.39160854 0.95009932
-0.46963673 0.92748189
-0.54642147 0.89808923
-0.62131670 0.86190688
-0.69365260 0.81899008
-0.76274409 0.76947044
-0.82790097 0.71356142
-0.88843956 0.65156226
-0.94369514 0.58386033
-0.99303671 0.51092782
-1.03587283 0.43333685
-1.07169441 0.35163577
-1.09993829 0.26697854
-1.12033475 0.17748432
-1.13138927 0.09484692
-1.14702866 0.00000000
