 6.18529951 0.00000000
 6.15228212 0.23107281
 6.07805895 0.43470869
 5.98427844 0.59200938
 5.88863461 0.70497905
 5.71514341 0.84597312
 5.59032797 0.91452110
 5.46101182 0.96304800
 5.33109359 0.99289735
 5.16100306 1.00555794
 5.01682891 0.99333232
 4.87979839 0.96197833
 4.75862242 0.91635154
 4.65309536 0.86048011
 4.55344822 0.79113710
 4.46752453 0.71509253
 4.39287435 0.63344023
 4.32374662 0.53555780
 4.26713495 0.41996518
 4.23067862 0.29435154
 4.21457145 0.22120319
 4.19187990 0.15025990
 4.15911915 0.08637980
 4.13229647 0.04164196
 4.12086075 0.00373469
 4.12078473 0.00000000
