 4.58535063 0.00000000
 4.57052818 0.15658682
 4.50847841 0.37128619
 4.44964928 0.49479030
 4.34728792 0.64291604
 4.24300994 0.75085308
 4.08549333 0.86548083
 3.93746625 0.93690439
 3.80322115 0.97827299
 3.67503794 0.99937321
 3.55564929 1.00393000
 3.40299819 0.98897073
 3.24298703 0.94668743
 3.11304439 0.88989642
 3.00817500 0.82642774
 2.90185851 0.74119257
 2.80559405 0.63896986
 2.72273263 0.52074075
 2.66295362 0.40258545
 2.61940333 0.27675020
 2.58908458 0.14428007
 2.57245049 0.00000000
