 1.09271463 0.00000000
 1.09143561 0.08523773
 1.08007096 0.17208351
 1.06162638 0.25587806
 1.03598398 0.33804687
 1.00348704 0.41739889
 0.96441948 0.49345250
 0.91916992 0.56561169
 0.86816342 0.63336597
 0.81187392 0.69625050
 0.75081037 0.75385994
 0.68551056 0.80584844
 0.61653261 0.85193128
 0.54444746 0.89188470
 0.46983148 0.92554488
 0.39325977 0.95280588
 0.31530001 0.97361692
 0.23650719 0.98797899
 0.15741889 0.99594101
 0.07855155 0.99759571
 0.00039736 0.99307528
-0.07657803 0.98254700
-0.15193718 0.96620893
-0.22527191 0.94428575
-0.29620374 0.91702477
-0.36438394 0.88469224
-0.42949317 0.84757003
-0.49124074 0.80595252
-0.54936368 0.76014393
-0.60362564 0.71045599
-0.65381561 0.65720592
-0.69974658 0.60071475
-0.74125431 0.54130598
-0.77819576 0.47930452
-0.81044831 0.41503585
-0.83790917 0.34882337
-0.86047889 0.28101348
-0.87817519 0.21177218
-0.89052763 0.14238476
-0.89856359 0.06866580
-0.90528989 0.00000000
