 0.96857046 0.00000000
 0.96245430 0.07520673
 0.95373111 0.15130213
 0.93949653 0.22564195
 0.91945599 0.29891669
 0.89390491 0.37046702
 0.86293566 0.43992730
 0.82671602 0.50688999
 0.78543317 0.57096616
 0.73930377 0.63177791
 0.68857186 0.68896166
 0.63350850 0.74216990
 0.57441101 0.79107317
 0.51160216 0.83536208
 0.44542914 0.87474936
 0.37626240 0.90897186
 0.30449428 0.93779263
 0.23053745 0.96100293
 0.15482313 0.97842420
 0.07779908 0.98990999
-0.00007262 0.99534773
-0.07831799 0.99466047
-0.15645393 0.98780836
-0.23399104 0.97479003
-0.31043679 0.95564363
-0.38529884 0.93044775
-0.45808852 0.89932188
-0.52832443 0.86242672
-0.59553626 0.81996394
-0.65926850 0.77217576
-0.71908436 0.71934393
-0.77456951 0.66178848
-0.82533583 0.59986589
-0.87102500 0.53396699
-0.91131193 0.46451415
-0.94590790 0.39195928
-0.97456301 0.31677558
-0.99707216 0.23947806
-1.01324946 0.16050356
-1.02297551 0.08068527
-1.02738668 0.00000000
