 6.76250979 0.00000000
 6.75722448 0.08598379
 6.73128943 0.22451954
 6.66619449 0.40906596
 6.59314801 0.54460894
 6.50306634 0.66397653
 6.40227970 0.76351072
 6.25121111 0.87078924
 6.12400218 0.93284141
 5.96504702 0.98236739
 5.78044497 1.00541099
 5.61813942 0.99755547
 5.47635226 0.96855259
 5.35469677 0.92556038
 5.21966550 0.85551211
 5.12286065 0.78704147
 4.97575900 0.64367713
 4.87386979 0.48909305
 4.82747231 0.36870909
 4.80290598 0.26342186
 4.79035875 0.20067556
 4.77675241 0.15586252
 4.76461587 0.12941322
 4.74320719 0.09707036
 4.71025297 0.05901717
 4.68541828 0.02190903
 4.68052897 0.00000000
