 1.95342525 0.00000000
 1.96289816 0.08416592
 1.91261708 0.34107988
 1.84650528 0.47298187
 1.76646618 0.59862310
 1.66824838 0.71110812
 1.56216767 0.80221532
 1.45108690 0.87447145
 1.33903175 0.92884771
 1.22873673 0.96728178
 1.12222885 0.99185519
 1.02084104 1.00466235
 0.92537083 1.00766584
 0.83620863 1.00262976
 0.75345181 0.99109285
 0.67699539 0.97436878
 0.60660178 0.95356124
 0.54195234 0.92958614
 0.48268437 0.90319611
 0.42841704 0.87500458
 0.37876894 0.84550787
 0.33336950 0.81510482
 0.29186617 0.78411369
 0.25392846 0.75278654
 0.21924991 0.72132128
 0.18754863 0.68987164
 0.15856693 0.65855545
 0.13207031 0.62746144
 0.10784619 0.59665481
 0.08570235 0.56618175
 0.06546543 0.53607317
 0.04697935 0.50634772
 0.03010380 0.47701423
 0.01471287 0.44807369
 0.00069372 0.41952091
-0.01205463 0.39134581
-0.02362235 0.36353450
-0.03408978 0.33607020
-0.04352825 0.30893397
-0.05200084 0.28210551
-0.05956295 0.25556386
-0.06626273 0.22928844
-0.07214131 0.20326068
-0.07723266 0.17746754
-0.08156352 0.15190605
-0.08515252 0.12659236
-0.08796934 0.10188225
-0.08992173 0.07895351
-0.09127830 0.05425585
-0.09265715 0.00730231
-0.09278239 0.00000000
