 6.61715291 0.00000000
 6.60937574 0.10681324
 6.54247319 0.35711530
 6.48517628 0.48114635
 6.41441358 0.59315638
 6.33284069 0.69103987
 6.20661816 0.80397435
 6.09630536 0.87605318
 5.95303338 0.94282693
 5.77861170 0.99038024
 5.61743383 1.00571235
 5.47022769 0.99717084
 5.33882534 0.97055471
 5.18733632 0.91575149
 5.07425340 0.85540397
 4.97834041 0.78734378
 4.84418090 0.65956466
 4.75352715 0.53501426
 4.69342166 0.40589869
 4.65904310 0.27377557
 4.63899877 0.18353511
 4.62170487 0.13875770
 4.60181330 0.10495264
 4.56573478 0.05843637
 4.53974577 0.00000000
