 7.01835752 0.00000000
 7.00826716 0.11942712
 6.98434567 0.23558388
 6.94009121 0.36849609
 6.86813918 0.51322603
 6.79707974 0.61803601
 6.71527906 0.71091093
 6.62470319 0.79101790
 6.48632069 0.88260913
 6.29287406 0.96360669
 6.14253410 0.99655278
 5.96858738 1.00562268
 5.78401687 0.98174886
 5.63530443 0.93612343
 5.51477778 0.87879013
 5.41734304 0.81674844
 5.31524571 0.73259566
 5.23075537 0.64325770
 5.16650914 0.55470831
 5.09758844 0.41424119
 5.05998486 0.26881957
 5.04436136 0.18201328
 5.02345164 0.12700923
 4.99208349 0.08522019
 4.96632910 0.06158837
 4.92910009 0.01162381
 4.92745808 0.00000000
