 0.74886232 0.00000000
 0.74471324 0.03369750
 0.73796634 0.12921132
 0.73070609 0.18177833
 0.71765113 0.24174265
 0.70065893 0.30061502
 0.67969894 0.35873166
 0.65483786 0.41578307
 0.62610464 0.47154074
 0.59351465 0.52578023
 0.55708284 0.57826821
 0.51682850 0.62875956
 0.47277962 0.67699493
 0.42497653 0.72269962
 0.37347543 0.76558293
 0.31835219 0.80533801
 0.25970637 0.84164210
 0.19766557 0.87415750
 0.13238999 0.90253311
 0.06407730 0.92640686
-0.00703242 0.94540903
-0.08065177 0.95916671
-0.15644126 0.96730940
-0.23400503 0.96947597
-0.31288726 0.96532293
-0.39256967 0.95453411
-0.47247044 0.93683165
-0.55194501 0.91198810
-0.63028915 0.87983942
-0.70674469 0.84029840
-0.78050832 0.79336796
-0.85074350 0.73915363
-0.91659571 0.67787420
-0.97720996 0.60987092
-1.03175504 0.53560348
-1.07942303 0.45569969
-1.11954258 0.37062703
-1.15115792 0.28241214
-1.17410207 0.18480450
-1.18410981 0.10714057
-1.22415295 0.00000000
