 0.86261961 0.00000000
 0.85086863 0.05567228
 0.84247163 0.13832117
 0.83225675 0.20167390
 0.81596758 0.26806658
 0.79515881 0.33292727
 0.76973530 0.39646933
 0.73980664 0.45833145
 0.70544690 0.51822844
 0.66674285 0.57586555
 0.62379535 0.63094473
 0.57672233 0.68316407
 0.52566110 0.73221822
 0.47077041 0.77779926
 0.41223259 0.81959782
 0.35025573 0.85730467
 0.28507574 0.89061273
 0.21695845 0.91921955
 0.14620146 0.94283026
 0.07313580 0.96116108
-0.00187276 0.97394332
-0.07842284 0.98092790
-0.15607717 0.98189033
-0.23436298 0.97663611
-0.31277320 0.96500653
-0.39076861 0.94688459
-0.46778101 0.92220109
-0.54321751 0.89094053
-0.61646602 0.85314677
-0.68690189 0.80892810
-0.75389573 0.75846148
-0.81682225 0.70199574
-0.87507003 0.63985345
-0.92805178 0.57243143
-0.97521577 0.50019734
-1.01605200 0.42369775
-1.05011857 0.34347929
-1.07696868 0.26047797
-1.09631187 0.17376767
-1.10724303 0.09081134
-1.11881951 0.00000000
