 1.07361738 0.00000000
 1.07189955 0.08395830
 1.06104086 0.16867947
 1.04328241 0.25109380
 1.01860124 0.33185591
 0.98727536 0.41002627
 0.94956563 0.48510942
 0.90581461 0.55654711
 0.85640331 0.62384524
 0.80175784 0.68654989
 0.74233942 0.74425743
 0.67863906 0.79661555
 0.61117069 0.84332527
 0.54046485 0.88414157
 0.46706242 0.91887328
 0.39150869 0.94738217
 0.31434785 0.96958135
 0.23611800 0.98543314
 0.15734665 0.99494644
 0.07854682 0.99817370
 0.00021369 0.99520771
-0.07717811 0.98617816
-0.15317672 0.97124817
-0.22735476 0.95061078
-0.29931048 0.92448563
-0.36866855 0.89311558
-0.43508043 0.85676373
-0.49822446 0.81571047
-0.55780563 0.77025086
-0.61355512 0.72069224
-0.66522977 0.66735209
-0.71261130 0.61055617
-0.75550558 0.55063686
-0.79374166 0.48793177
-0.82717104 0.42278279
-0.85566867 0.35553245
-0.87911608 0.28654553
-0.89749441 0.21605778
-0.91045247 0.14504364
-0.91862963 0.07103014
-0.92470350 0.00000000
