 1.40821318 0.00000000
 1.40601145 0.04341077
 1.39851270 0.12095089
 1.37479330 0.23770828
 1.33811985 0.34731896
 1.28844624 0.45154785
 1.22767699 0.54713890
 1.15755883 0.63288760
 1.08005436 0.70789871
 0.99709604 0.77176566
 0.91051570 0.82446040
 0.82197452 0.86626475
 0.73292432 0.89769477
 0.64459104 0.91942994
 0.55797592 0.93225081
 0.47386899 0.93698739
 0.39287007 0.93447866
 0.31541369 0.92554267
 0.24179472 0.91095591
 0.17219330 0.89144009
 0.10669751 0.86765497
 0.04532344 0.84019554
-0.01196758 0.80959240
-0.06525456 0.77631424
-0.11464494 0.74077173
-0.16026502 0.70332211
-0.20225230 0.66427416
-0.24074942 0.62389312
-0.27589949 0.58240561
-0.30784241 0.54000404
-0.33671203 0.49685089
-0.36263374 0.45308251
-0.38572230 0.40881271
-0.40607947 0.36413647
-0.42379117 0.31913396
-0.43892229 0.27387926
-0.45151661 0.22842874
-0.46150904 0.18308032
-0.46916556 0.13643900
-0.47509521 0.07889619
-0.47742040 0.01242314
-0.47809527 0.00000000
