 0.86388659 0.00000000
 0.85209479 0.05595573
 0.84369744 0.13843607
 0.83344019 0.20192365
 0.81711163 0.26838959
 0.79625463 0.33332213
 0.77077493 0.39692841
 0.74078244 0.45884687
 0.70635207 0.51879135
 0.66757167 0.57646619
 0.62454337 0.63157257
 0.57738652 0.68380795
 0.52623993 0.73286658
 0.47126395 0.77844026
 0.41264256 0.82021961
 0.35058555 0.85789561
 0.28533051 0.89116162
 0.21714492 0.91971590
 0.14632796 0.94326453
 0.07321214 0.96152496
-0.00183546 0.97422995
-0.07841238 0.98113213
-0.15608047 0.98200890
-0.23436642 0.97666788
-0.31276292 0.96495254
-0.39073091 0.94674819
-0.46770273 0.92198793
-0.54308645 0.89065851
-0.61627134 0.85280588
-0.68663453 0.80854023
-0.75354876 0.75804008
-0.81639117 0.70155549
-0.87455303 0.63940975
-0.92744989 0.57199994
-0.97453290 0.49979345
-1.01529499 0.42333585
-1.04929671 0.34317345
-1.07609518 0.26023517
-1.09539964 0.17362432
-1.10632295 0.09067031
-1.11777513 0.00000000
