 6.96715791 0.00000000
 6.95823887 0.11199489
 6.92112076 0.27788692
 6.82970120 0.49108659
 6.72713330 0.64160498
 6.60416944 0.76594549
 6.47346947 0.86044820
 6.28788680 0.94846406
 6.14113817 0.98827192
 5.96857215 1.00609772
 5.78209540 0.99146536
 5.62923494 0.95266256
 5.50358504 0.89993427
 5.40089417 0.84063995
 5.29230806 0.75805267
 5.18390404 0.64813481
 5.09410486 0.51891345
 5.03369718 0.37620408
 5.01033077 0.27730835
 4.99550370 0.19380124
 4.98098049 0.14703707
 4.96126321 0.11056759
 4.94199132 0.08724104
 4.91273293 0.05895608
 4.88570871 0.02611137
 4.87834336 0.00404332
 4.87815653 0.00000000
