 6.92405423 0.00000000
 6.91603263 0.10603218
 6.88157035 0.26597767
 6.79650888 0.47294167
 6.70091313 0.62058787
 6.58536505 0.74458029
 6.46112385 0.84098713
 6.28249509 0.93422992
 6.13923507 0.97945202
 5.96850343 1.00447549
 5.78114799 0.99777583
 5.62530206 0.96507153
 5.49561126 0.91666266
 5.38859094 0.86009819
 5.27443679 0.77928407
 5.15939256 0.66946641
 5.08272960 0.57113365
 5.00868102 0.42901940
 4.96865561 0.28476940
 4.95408365 0.20304116
 4.94268089 0.16141716
 4.92913455 0.12984300
 4.91599713 0.10860592
 4.89182445 0.08052981
 4.85784612 0.04588984
 4.83781795 0.01038962
 4.83660573 0.00000000
