 0.70966932 0.00000000
 0.70689262 0.02849955
 0.70089923 0.12605910
 0.69440934 0.17537972
 0.68238802 0.23296727
 0.66660243 0.28977667
 0.64706935 0.34599085
 0.62383478 0.40133354
 0.59691695 0.45558600
 0.56631359 0.50854460
 0.53201792 0.55999728
 0.49402331 0.60971958
 0.45232789 0.65747102
 0.40693830 0.70299320
 0.35787356 0.74600835
 0.30516902 0.78621841
 0.24888069 0.82330459
 0.18909009 0.85692747
 0.12590940 0.88672769
 0.05948717 0.91232762
-0.00998572 0.93333386
-0.08226975 0.94934102
-0.15707045 0.95993689
-0.23403224 0.96470912
-0.31273271 0.96325368
-0.39267781 0.95518513
-0.47329843 0.94014883
-0.55394883 0.91783490
-0.63390769 0.88799382
-0.71238223 0.85045314
-0.78851611 0.80513482
-0.86140159 0.75207218
-0.93009630 0.69142521
-0.99364321 0.62349555
-1.05110316 0.54871846
-1.10154338 0.46776058
-1.14423502 0.38091961
-1.17789195 0.29124534
-1.20249111 0.18702479
-1.20939076 0.11666943
-1.30988899 0.00000000
