 1.06271339 0.00000000
 1.06238722 0.04137611
 1.06042314 0.08320682
 1.05016438 0.16673801
 1.03278757 0.24840826
 1.00864178 0.32836575
 0.97796600 0.40586592
 0.94101295 0.48039148
 0.89809900 0.55140906
 0.84958188 0.61843332
 0.79586158 0.68101738
 0.73737316 0.73875944
 0.67458173 0.79130468
 0.60797650 0.83834728
 0.53806509 0.87963145
 0.46536792 0.91495177
 0.39041274 0.94415281
 0.31372954 0.96712816
 0.23584578 0.98381891
 0.15728201 0.99421165
 0.07854807 0.99833614
 0.00013959 0.99626263
-0.07746488 0.98809905
-0.15380634 0.97398800
-0.22844736 0.95410370
-0.30097358 0.92864901
-0.37099496 0.89785242
-0.43814653 0.86196516
-0.50208890 0.82125853
-0.56250849 0.77602131
-0.61911750 0.72655738
-0.67165374 0.67318355
-0.71988030 0.61622763
-0.76358507 0.55602661
-0.80258029 0.49292513
-0.83670181 0.42727434
-0.86581069 0.35942822
-0.88977847 0.28976088
-0.90856191 0.21855107
-0.92188195 0.14660823
-0.93022501 0.07228965
-0.93591227 0.00000000
