 0.94536403 0.00000000
 0.93698237 0.07202305
 0.92850745 0.14784032
 0.91515930 0.21998955
 0.89601155 0.29163370
 0.87160738 0.36163530
 0.84198294 0.42973622
 0.80728486 0.49554603
 0.76766810 0.55870074
 0.72331437 0.61884116
 0.67443015 0.67561739
 0.62124712 0.72868995
 0.56402224 0.77773163
 0.50303777 0.82242928
 0.43860116 0.86248583
 0.37104470 0.89762245
 0.30072513 0.92758079
 0.22802290 0.95212539
 0.15334122 0.97104614
 0.07710481 0.98416083
-0.00024165 0.99131771
-0.07823541 0.99239808
-0.15639794 0.98731873
-0.23423755 0.97603438
-0.31125241 0.95853986
-0.38693394 0.93487210
-0.46077059 0.90511181
-0.53225191 0.86938482
-0.60087292 0.82786293
-0.66613884 0.78076437
-0.72756982 0.72835360
-0.78470596 0.67094064
-0.83711225 0.60887969
-0.88438350 0.54256721
-0.92614918 0.47243893
-0.96207754 0.39896871
-0.99188058 0.32265226
-1.01531613 0.24406812
-1.03215542 0.16353105
-1.04221805 0.08257182
-1.04778484 0.00000000
