 0.90897777 0.00000000
 0.89774732 0.06562163
 0.88941061 0.14310223
 0.87749999 0.21147551
 0.85967970 0.28069090
 0.83696489 0.34833081
 0.80931790 0.41434603
 0.77686338 0.47836393
 0.73971358 0.54005827
 0.69800252 0.59909926
 0.65188445 0.65515978
 0.60153554 0.70791580
 0.54715494 0.75704761
 0.48896592 0.80224129
 0.42721692 0.84319045
 0.36218245 0.87959825
 0.29416395 0.91117972
 0.22349034 0.93766441
 0.15051843 0.95879932
 0.07563294 0.97435204
-0.00075385 0.98411429
-0.07820286 0.98790548
-0.15624951 0.98557661
-0.23440558 0.97701411
-0.31216165 0.96214379
-0.38899027 0.94093459
-0.46434973 0.91340226
-0.53768853 0.87961257
-0.60845055 0.83968420
-0.67608077 0.79379093
-0.74003164 0.74216318
-0.79976978 0.68508870
-0.85478310 0.62291229
-0.90458797 0.55603459
-0.94873675 0.48490886
-0.98682314 0.41004261
-1.01849388 0.33196085
-1.04342994 0.25137345
-1.06135527 0.16821286
-1.07187749 0.08593492
-1.07964971 0.00000000
