 1.54653260 0.00000000
 1.54331568 0.05486944
 1.53331688 0.14035176
 1.50066859 0.27496608
 1.45132431 0.39741901
 1.38545408 0.51092035
 1.30684268 0.61086857
 1.21866396 0.69612058
 1.12420714 0.76618204
 1.02640382 0.82137705
 0.92775067 0.86256395
 0.83025570 0.89094456
 0.73545197 0.90789837
 0.64444548 0.91485712
 0.55798020 0.91321707
 0.47650697 0.90428331
 0.40024855 0.88923888
 0.32925652 0.86913177
 0.26345878 0.84487386
 0.20269768 0.81724746
 0.14675970 0.78691586
 0.09539807 0.75443592
 0.04834947 0.72027110
 0.00534617 0.68480400
-0.03387538 0.64834804
-0.06956876 0.61115789
-0.10197373 0.57343874
-0.13131388 0.53535431
-0.15779536 0.49703384
-0.18160628 0.45857798
-0.20291652 0.42006397
-0.22187773 0.38154996
-0.23862107 0.34307971
-0.25324963 0.30468080
-0.26576854 0.26642772
-0.27616121 0.22825729
-0.28840297 0.17147116
-0.29735027 0.11460723
-0.30181268 0.06931128
-0.30412238 0.01502438
-0.30483789 0.00000000
