 6.12591127 0.00000000
 6.09665471 0.21683039
 6.02939051 0.41204776
 5.94452994 0.56422625
 5.85730505 0.67544643
 5.69636836 0.81846426
 5.57878616 0.89110764
 5.45515236 0.94540349
 5.32897280 0.98196411
 5.16096464 1.00445556
 5.01587968 1.00071151
 4.87571454 0.97697013
 4.74974458 0.93746925
 4.63847840 0.88597618
 4.53209879 0.81952381
 4.43962203 0.74463579
 4.34324036 0.64464967
 4.27710931 0.55524783
 4.22472427 0.45990737
 4.18775660 0.36034614
 4.14932897 0.20045344
 4.12427550 0.13197251
 4.10333623 0.09246620
 4.07053028 0.03297645
 4.06342094 0.00819323
 4.06299451 0.00000000
