 5.03705084 0.00000000
 5.01851363 0.17369128
 4.96525767 0.35788860
 4.86539187 0.55278874
 4.78473856 0.65945694
 4.67736794 0.76551654
 4.54292690 0.86209232
 4.42616888 0.92201858
 4.28988111 0.96952938
 4.13728462 0.99856655
 3.95474569 1.00198726
 3.81072472 0.98078273
 3.68909624 0.94559096
 3.58767798 0.90257829
 3.47197632 0.83577789
 3.36473193 0.75284174
 3.25722454 0.64084390
 3.18301513 0.53715139
 3.12383849 0.42625402
 3.08030939 0.31020892
 3.04589698 0.17280702
 3.02147271 0.00000000
