 0.77452967 0.00000000
 0.76891377 0.03772933
 0.76161889 0.13123963
 0.75380425 0.18603253
 0.74004890 0.24749501
 0.72224491 0.30769963
 0.70033049 0.36703657
 0.67438473 0.42517790
 0.64444401 0.48188673
 0.61053660 0.53692408
 0.57269340 0.59004249
 0.53095255 0.64098357
 0.48536350 0.68947640
 0.43599030 0.73523688
 0.38291503 0.77796758
 0.32624129 0.81735796
 0.26609796 0.85308520
 0.20264309 0.88481549
 0.13606804 0.91220615
 0.06660165 0.93490842
-0.00548554 0.95257115
-0.07987728 0.96484554
-0.15620795 0.97139084
-0.23405939 0.97188121
-0.31295864 0.96601371
-0.39237670 0.95351733
-0.47172882 0.93416302
-0.55037644 0.90777444
-0.62763128 0.87423930
-0.70276171 0.83352060
-0.77500171 0.78566769
-0.84356243 0.73082606
-0.90764633 0.66924553
-0.96646313 0.60128669
-1.01925044 0.52741747
-1.06527674 0.44824693
-1.10392425 0.36428929
-1.13439215 0.27719412
-1.15648053 0.18266580
-1.16717990 0.10244648
-1.19469366 0.00000000
