 6.22040606 0.00000000
 6.18497500 0.23982143
 6.13713455 0.38078404
 6.07647448 0.50395283
 6.00685047 0.60873807
 5.90601158 0.72246365
 5.72498323 0.86168258
 5.59599732 0.92739813
 5.46359822 0.97218913
 5.33181464 0.99783974
 5.16103475 1.00456042
 5.01785571 0.98743010
 4.88306440 0.95179464
 4.76499513 0.90285462
 4.66298754 0.84474057
 4.56731077 0.77404376
 4.48512630 0.69759482
 4.41524728 0.61782198
 4.33061511 0.48483465
 4.28043403 0.35165314
 4.25624667 0.25004986
 4.23198948 0.16219469
 4.21031654 0.11428467
 4.17408281 0.05489560
 4.15658124 0.01504439
 4.15490986 0.00000000
