 1.66132363 0.00000000
 1.66369583 0.09347017
 1.63867154 0.24763906
 1.60172601 0.35799307
 1.55269787 0.46532629
 1.49217198 0.56475450
 1.42272702 0.65390100
 1.34609279 0.73244767
 1.26430199 0.79997825
 1.17914862 0.85658549
 1.09226278 0.90262912
 1.00503840 0.93869409
 0.91863406 0.96550952
 0.83397734 0.98388778
 0.75178440 0.99467390
 0.67258464 0.99870770
 0.59674814 0.99679680
 0.52451274 0.98969895
 0.45600934 0.97811165
 0.39128433 0.96266728
 0.33031904 0.94393221
 0.27304594 0.92240859
 0.21936213 0.89853784
 0.16914005 0.87270528
 0.12223617 0.84524504
 0.07849764 0.81644529
 0.03776750 0.78655322
-0.00011144 0.75577982
-0.03529365 0.72430426
-0.06792881 0.69227792
-0.09816033 0.65982800
-0.12612437 0.62706071
-0.15194921 0.59406413
-0.17575492 0.56091071
-0.19765328 0.52765942
-0.21774774 0.49435770
-0.23613363 0.46104307
-0.25289831 0.42774459
-0.26812144 0.39448414
-0.28187526 0.36127746
-0.29422483 0.32813517
-0.30522822 0.29506371
-0.31493659 0.26206636
-0.32339395 0.22914508
-0.33063633 0.19630393
-0.33669284 0.16354308
-0.34155584 0.13099344
-0.34509589 0.09955887
-0.34752710 0.06695030
-0.34995676 0.01650509
-0.35048366 0.00000000
