 7.20173736 0.00000000
 7.18640271 0.14916677
 7.15391739 0.28378834
 7.09293717 0.43673675
 6.99587886 0.59720822
 6.90103424 0.70848959
 6.79467163 0.80139925
 6.68205928 0.87555404
 6.57325827 0.92901794
 6.44559471 0.97236172
 6.30087707 0.99978541
 6.14348165 1.00542488
 5.97192923 0.98299557
 5.80113638 0.92917587
 5.67146103 0.86372745
 5.53066826 0.76181296
 5.41846406 0.64894527
 5.34857035 0.55379471
 5.28957351 0.43980419
 5.25267988 0.31826449
 5.23260322 0.19814149
 5.22173601 0.15451743
 5.21293140 0.13340302
 5.19732557 0.10723117
 5.17914979 0.08642543
 5.15975359 0.06974612
 5.12533828 0.04181662
 5.10853532 0.01935973
 5.10355690 0.00000000
