 1.39974080 0.00000000
 1.39757184 0.04275992
 1.39019212 0.11986439
 1.36692015 0.23559068
 1.33090450 0.34443176
 1.28209512 0.44805397
 1.22230716 0.54328397
 1.15321938 0.62892580
 1.07672581 0.70407802
 0.99470137 0.76830923
 0.90893326 0.82155494
 0.82105223 0.86405424
 0.73249316 0.89627878
 0.64447683 0.91886553
 0.55800870 0.93255687
 0.47388997 0.93815025
 0.39273630 0.93645830
 0.31500067 0.92827883
 0.24099761 0.91437361
 0.17092680 0.89545460
 0.10489504 0.87217588
 0.04293575 0.84513012
-0.01497405 0.81484818
-0.06889947 0.78180103
-0.11893584 0.74640302
-0.16519905 0.70901611
-0.20781776 0.66995439
-0.24692722 0.62948885
-0.28266441 0.58785195
-0.31516424 0.54524199
-0.34455653 0.50182720
-0.37096339 0.45774944
-0.39449689 0.41312784
-0.41525639 0.36806255
-0.43332647 0.32263938
-0.44877569 0.27693737
-0.46165888 0.23103160
-0.47198271 0.18503352
-0.47981235 0.13893425
-0.48643666 0.08102668
-0.48991542 0.02928246
-0.49230952 0.00000000
