 0.80488789 0.00000000
 0.79698547 0.04328370
 0.78908549 0.13359351
 0.78054828 0.19115534
 0.76594985 0.25432473
 0.74716428 0.31609293
 0.72410043 0.37685242
 0.69685010 0.43625877
 0.66545960 0.49406234
 0.62997427 0.55000617
 0.59044593 0.60382587
 0.54693704 0.65524780
 0.49952430 0.70398830
 0.44830158 0.74975360
 0.39338303 0.79224009
 0.33490612 0.83113516
 0.27303502 0.86611839
 0.20796394 0.89686344
 0.13992053 0.92304050
 0.06916934 0.94431949
-0.00398499 0.96037408
-0.07919476 0.97088644
-0.15606678 0.97555298
-0.23416050 0.97409090
-0.31298707 0.96624554
-0.39200953 0.95179858
-0.47064428 0.93057674
-0.54826418 0.90246098
-0.62420340 0.86739578
-0.69776418 0.82539813
-0.76822575 0.77656602
-0.83485508 0.72108566
-0.89691968 0.65923704
-0.95370159 0.59139789
-1.00451449 0.51804039
-1.04870881 0.43975282
-1.08572910 0.35707576
-1.11491984 0.27134647
-1.13603774 0.17982134
-1.14704957 0.09787942
-1.16658636 0.00000000
