 1.50762222 0.00000000
 1.50809347 0.08897295
 1.49058810 0.21062408
 1.46349000 0.30834597
 1.42656960 0.40419731
 1.38060123 0.49453413
 1.32674722 0.57825440
 1.26608591 0.65473211
 1.19983885 0.72341937
 1.12919050 0.78403918
 1.05529370 0.83650116
 0.97922192 0.88089087
 0.90195178 0.91743457
 0.82434827 0.94646893
 0.74715973 0.96841099
 0.67101842 0.98373150
 0.59644583 0.99293193
 0.52386106 0.99652562
 0.45359102 0.99502283
 0.38588144 0.98891946
 0.32090801 0.97868888
 0.25878704 0.96477651
 0.19958540 0.94759642
 0.14332947 0.92752977
 0.09001310 0.90492443
 0.03960448 0.88009557
-0.00794792 0.85332696
-0.05271035 0.82487263
-0.09475963 0.79495891
-0.13417965 0.76378648
-0.17105860 0.73153259
-0.20548662 0.69835313
-0.23755404 0.66438469
-0.26734987 0.62974656
-0.29496072 0.59454248
-0.32046991 0.55886234
-0.34395677 0.52278377
-0.36549625 0.48637351
-0.38515847 0.44968871
-0.40300852 0.41277811
-0.41910631 0.37568308
-0.43350642 0.33843864
-0.44625803 0.30107431
-0.45740469 0.26361514
-0.46698359 0.22608410
-0.47502696 0.18849555
-0.48154811 0.15089192
-0.48643236 0.11390794
-0.48981452 0.07628597
-0.49301837 0.02413619
-0.49401048 0.00000000
