 1.15027472 0.00000000
 1.15068552 0.04269453
 1.14871740 0.08960209
 1.13723677 0.18187600
 1.11650535 0.27098479
 1.08781126 0.35726783
 1.05152357 0.44025125
 1.00811552 0.51916150
 0.95810396 0.59336717
 0.90207709 0.66229555
 0.84066772 0.72546335
 0.77454389 0.78247363
 0.70439396 0.83301761
 0.63091420 0.87687266
 0.55479705 0.91389858
 0.47672090 0.94403237
 0.39734139 0.96728177
 0.31728429 0.98371804
 0.23714008 0.99346828
 0.15746003 0.99670758
 0.07875364 0.99365133
 0.00148742 0.98454782
-0.07391527 0.96967138
-0.14707352 0.94931608
-0.21764742 0.92379011
-0.28533599 0.89341085
-0.34987486 0.85850070
-0.41103349 0.81938357
-0.46861243 0.77638197
-0.52244037 0.72981482
-0.57237131 0.67999571
-0.61828175 0.62723175
-0.66006813 0.57182277
-0.69764432 0.51406096
-0.73093925 0.45423093
-0.75989589 0.39260905
-0.78446511 0.32946729
-0.80460562 0.26508512
-0.82040007 0.19946214
-0.83098483 0.13508632
-0.83892944 0.06035164
-0.84704999 0.00000000
