 0.90927257 0.00000000
 0.89805843 0.06567985
 0.88972173 0.14313698
 0.87779958 0.21154204
 0.85996894 0.28077639
 0.83724107 0.34843491
 0.80957883 0.41446664
 0.77710698 0.47849881
 0.73993808 0.54020491
 0.69820650 0.59925491
 0.65206688 0.65532151
 0.60169580 0.70808053
 0.54729284 0.75721219
 0.48908175 0.80240257
 0.42731140 0.84334530
 0.36225676 0.87974367
 0.29421970 0.91131290
 0.22352957 0.93778277
 0.15054356 0.95890060
 0.07564671 0.97443435
-0.00074840 0.98417617
-0.07820248 0.98794596
-0.15625081 0.98559522
-0.23440510 0.97701092
-0.31215596 0.96211943
-0.38897607 0.94089025
-0.46432392 0.91333967
-0.53764832 0.87953396
-0.60839353 0.83959225
-0.67600502 0.79368872
-0.73993577 0.74205409
-0.79965301 0.68497633
-0.85464527 0.62280034
-0.90442959 0.55592676
-0.94855895 0.48480871
-0.98662771 0.40995345
-1.01828315 0.33188579
-1.04320693 0.25131436
-1.06112331 0.16817572
-1.07164221 0.08590586
-1.07939425 0.00000000
