 0.78896290 0.00000000
 0.78231622 0.04026331
 0.77471768 0.13236197
 0.76656995 0.18845064
 0.75241583 0.25073201
 0.73414886 0.31168003
 0.71169173 0.37169469
 0.68512987 0.43043942
 0.65450416 0.48767171
 0.61985072 0.54314415
 0.58121006 0.59660127
 0.53863161 0.64777736
 0.49217747 0.69639532
 0.44192561 0.74216627
 0.38797315 0.78478958
 0.33043962 0.82395343
 0.26947058 0.85933579
 0.20524121 0.89060602
 0.13796019 0.91742714
 0.06787349 0.93945889
-0.00473190 0.95636150
-0.07952446 0.96780057
-0.15612501 0.97345273
-0.23410425 0.97301242
-0.31298108 0.96619960
-0.39222214 0.95276836
-0.47124260 0.93251642
-0.54940879 0.90529507
-0.62604264 0.87101952
-0.70042830 0.82967915
-0.77182112 0.78134717
-0.83945885 0.72618926
-0.90257516 0.66447038
-0.96041467 0.59655998
-1.01225183 0.52292863
-1.05739512 0.44417551
-1.09525666 0.36083021
-1.12510894 0.27438061
-1.14673080 0.18134501
-1.15762592 0.10016842
-1.18077737 0.00000000
