 6.89711965 0.00000000
 6.88962034 0.10244047
 6.85672966 0.25872270
 6.77540514 0.46183695
 6.68395881 0.60759055
 6.57292248 0.73115485
 6.45269238 0.82850851
 6.27853007 0.92469784
 6.13764484 0.97311845
 5.96835909 1.00252840
 5.78079882 1.00082370
 5.62334129 0.97207283
 5.49127534 0.92656035
 5.38161556 0.87189620
 5.26395310 0.79241499
 5.18157914 0.72035605
 5.10988362 0.64348749
 5.04032283 0.54697949
 4.98132273 0.42811704
 4.94267239 0.28956774
 4.92811911 0.20859242
 4.91138342 0.15078070
 4.89682358 0.12110721
 4.87707187 0.09407385
 4.84352622 0.05916821
 4.81388367 0.01744815
 4.81062029 0.00000000
