 6.41232973 0.00000000
 6.36081289 0.29213265
 6.29535552 0.45289706
 6.21122933 0.59088972
 6.11687714 0.70289516
 6.03093640 0.78120943
 5.91383675 0.86311997
 5.76290688 0.93722507
 5.61399406 0.98226879
 5.46935018 1.00313277
 5.33258126 1.00370970
 5.16532309 0.97819362
 5.03292741 0.93684171
 4.91461790 0.88148574
 4.81588564 0.81893986
 4.73353193 0.75296353
 4.63796126 0.65700330
 4.57047523 0.56913700
 4.51640890 0.47391647
 4.47806907 0.37285251
 4.43687463 0.20010633
 4.42764782 0.17076657
 4.40940203 0.12943493
 4.37778702 0.07969723
 4.34108132 0.00000000
