 1.40174590 0.00000000
 1.39483001 0.11622477
 1.37468361 0.23064230
 1.32859243 0.37636005
 1.26195826 0.51178755
 1.17732639 0.63383253
 1.07920527 0.73879798
 0.97003219 0.82664120
 0.85297230 0.89668346
 0.67229973 0.96755240
 0.49259281 1.00108133
 0.32095507 1.00215742
 0.16205062 0.97632424
 0.01851919 0.92904601
-0.10852458 0.86520559
-0.21900057 0.78891000
-0.31345137 0.70345684
-0.39273825 0.61140572
-0.45783009 0.51469188
-0.50966443 0.41475264
-0.54907396 0.31263619
-0.57675529 0.20906405
-0.59307120 0.10501848
-0.59834723 0.00000000
