 0.80289092 0.00000000
 0.79515003 0.04289257
 0.78728498 0.13343899
 0.77879803 0.19081339
 0.76425561 0.25387209
 0.74553564 0.31553723
 0.72254848 0.37620330
 0.69538515 0.43552675
 0.66409127 0.49325890
 0.62871098 0.54914401
 0.58929462 0.60291879
 0.54590299 0.65431062
 0.49861093 0.70303662
 0.44751027 0.74880361
 0.39271299 0.79130835
 0.33435431 0.83023828
 0.27259602 0.86527272
 0.20762994 0.89608476
 0.13968137 0.92234362
 0.06901252 0.94371792
-0.00407415 0.95987958
-0.07923294 0.97050864
-0.15607235 0.97529902
-0.23415319 0.97396500
-0.31298752 0.96624876
-0.39203875 0.95192850
-0.47072308 0.93082735
-0.54841245 0.90282257
-0.62443946 0.86785503
-0.69810404 0.82593835
-0.76868240 0.77716748
-0.83543785 0.72172615
-0.89763369 0.65989255
-0.95454731 0.59204347
-1.00548756 0.51865094
-1.04979970 0.44030462
-1.08692427 0.35754400
-1.11619715 0.27172390
-1.13737769 0.18001580
-1.14837946 0.09815545
-1.16831763 0.00000000
