 0.85688511 0.00000000
 0.84535333 0.05438905
 0.83696213 0.13780980
 0.82693589 0.20055576
 0.81082343 0.26661906
 0.79023042 0.33115728
 0.76505832 0.39441089
 0.73541519 0.45601975
 0.70137152 0.51570298
 0.66300924 0.57316986
 0.62042359 0.62812580
 0.57372625 0.68027169
 0.52304780 0.72930421
 0.46853988 0.77491654
 0.41037742 0.81679950
 0.34876097 0.85464301
 0.28391887 0.88813806
 0.21610951 0.91697912
 0.14562337 0.94086711
 0.07278486 0.95951286
-0.00204620 0.97264119
-0.07847348 0.97999541
-0.15606362 0.98134252
-0.23434647 0.97647868
-0.31281607 0.96523522
-0.39093265 0.94748482
-0.46812565 0.92314786
-0.54379797 0.89219869
-0.61733145 0.85467161
-0.68809354 0.81066630
-0.75544527 0.76035251
-0.81875037 0.70397355
-0.87738529 0.64184851
-0.93074989 0.57437300
-0.97827935 0.50201582
-1.01945040 0.42532798
-1.05381002 0.34485732
-1.08089339 0.26157274
-1.10041180 0.17441033
-1.11137582 0.09145547
-1.12353326 0.00000000
