 0.78434939 0.00000000
 0.77804605 0.03943191
 0.77054255 0.13200433
 0.76250318 0.18767497
 0.74847689 0.24969627
 0.73035851 0.31040689
 0.70807545 0.37020540
 0.68171116 0.42875782
 0.65130505 0.48582352
 0.61689068 0.54115783
 0.57850543 0.59450781
 0.53619506 0.64561011
 0.49001758 0.69418956
 0.44004647 0.73995877
 0.38637399 0.78261810
 0.32911457 0.82185607
 0.26840839 0.85735032
 0.20442517 0.88876913
 0.13736807 0.91577363
 0.06747761 0.93802075
-0.00496443 0.95516702
-0.07963134 0.96687335
-0.15614818 0.97281079
-0.23408912 0.97266725
-0.31297553 0.96615536
-0.39227533 0.95302121
-0.47140361 0.93305402
-0.54972500 0.90609632
-0.62655809 0.87205465
-0.70118193 0.83091009
-0.77284500 0.78272840
-0.84077656 0.72766896
-0.90420038 0.66599206
-0.96235003 0.59806447
-1.01448833 0.52435605
-1.05991118 0.44546911
-1.09802121 0.36192898
-1.12806836 0.27527223
-1.14983829 0.18177410
-1.16068169 0.10087318
-1.18509149 0.00000000
