 3.67976246 0.00000000
 3.66158608 0.17775497
 3.59059872 0.40449262
 3.53090600 0.52000580
 3.42035832 0.66940927
 3.29522675 0.78713160
 3.17854657 0.86666204
 3.05449167 0.92804574
 2.92589687 0.97104645
 2.73403548 1.00149888
 2.58405583 0.99917189
 2.45425045 0.97877167
 2.34377981 0.94711760
 2.21638149 0.89220957
 2.08200877 0.80865969
 1.95280255 0.69471130
 1.85335993 0.57212645
 1.79360962 0.47368404
 1.73566356 0.34242151
 1.70282435 0.22903364
 1.68229825 0.11143705
 1.67318879 0.00000000
