 0.76707053 0.00000000
 0.76193204 0.03649669
 0.75479816 0.13065478
 0.74714927 0.18479115
 0.73359871 0.24582394
 0.71603204 0.30564306
 0.69439625 0.36462764
 0.66876695 0.42245470
 0.63917831 0.47889000
 0.60565472 0.53369885
 0.56822231 0.58663791
 0.52691358 0.63745261
 0.48177160 0.68587531
 0.43285339 0.73162453
 0.38023342 0.77440467
 0.32400715 0.81390606
 0.26429488 0.84980571
 0.20124582 0.88176846
 0.13504232 0.90944894
 0.06590426 0.93249429
-0.00590650 0.95054775
-0.08008189 0.96325329
-0.15626360 0.97026138
-0.23403962 0.97123581
-0.31294160 0.96586184
-0.39244327 0.95385540
-0.47196035 0.93497341
-0.55085215 0.90902496
-0.62842547 0.87588308
-0.70394074 0.83549666
-0.77662101 0.78790208
-0.84566360 0.73323378
-0.91025462 0.67173314
-0.96958533 0.60375561
-1.02287377 0.52976723
-1.06936694 0.45038230
-1.10843146 0.36610446
-1.13922504 0.27867903
-1.16155844 0.18332015
-1.17211119 0.10371627
-1.20247294 0.00000000
