 2.52929420 0.00000000
 2.51501963 0.16163512
 2.48051897 0.30272744
 2.43434703 0.42203101
 2.36238365 0.55143769
 2.23532705 0.70739769
 2.10010540 0.82117959
 1.96185779 0.90227357
 1.82312695 0.95697480
 1.68849628 0.98877534
 1.51179434 1.00186143
 1.35873710 0.98773460
 1.22883684 0.95653442
 1.07545366 0.89411838
 0.95876935 0.82461753
 0.87204355 0.75724252
 0.77640039 0.66197781
 0.70145183 0.56515325
 0.62429318 0.43047488
 0.55861380 0.24799509
 0.53418792 0.11302065
 0.52800265 0.00000000
