 1.83700051 0.00000000
 1.84310345 0.09224354
 1.80506187 0.29951906
 1.75250789 0.42380227
 1.68601352 0.54313007
 1.60443851 0.65140197
 1.51384590 0.74340743
 1.41677913 0.82003753
 1.31645420 0.88148244
 1.21533862 0.92875190
 1.11544618 0.96312333
 1.01828370 0.98603981
 0.92492631 0.99897455
 0.83608530 1.00334895
 0.75218212 1.00048085
 0.67341515 0.99155790
 0.59981706 0.97762799
 0.53130179 0.95960089
 0.46770170 0.93825652
 0.40879620 0.91425666
 0.35433319 0.88815818
 0.30404490 0.86042627
 0.25765921 0.83144697
 0.21490758 0.80153876
 0.17553043 0.77096269
 0.13928056 0.73993143
 0.10592522 0.70861698
 0.07524719 0.67715729
 0.04704508 0.64566195
 0.02113320 0.61421687
-0.00265886 0.58288836
-0.02448698 0.55172644
-0.04449323 0.52076770
-0.06280678 0.49003758
-0.07954473 0.45955240
-0.09481295 0.42932094
-0.10870695 0.39934583
-0.12131258 0.36962466
-0.13270673 0.34015103
-0.14295798 0.31091534
-0.15212704 0.28190568
-0.16026718 0.25310880
-0.16742436 0.22451151
-0.17363698 0.19610357
-0.17893553 0.16788209
-0.18334244 0.13985294
-0.18683265 0.11228524
-0.18929324 0.08628973
-0.19098362 0.05868603
-0.19270932 0.01023348
-0.19293999 0.00000000
