 1.18711191 0.00000000
 1.18601926 0.07340800
 1.17740523 0.15154149
 1.16314014 0.22535900
 1.14327548 0.29826026
 1.11808212 0.36907953
 1.08776269 0.43751673
 1.05259592 0.50313847
 1.01288746 0.56557897
 0.96897559 0.62450652
 0.92122249 0.67963288
 0.87000878 0.73071336
 0.81572733 0.77754746
 0.75877764 0.81997844
 0.69956035 0.85789201
 0.63847244 0.89121454
 0.57590287 0.91991049
 0.51222881 0.94397963
 0.44781257 0.96345382
 0.38299904 0.97839366
 0.31811382 0.98888505
 0.25346185 0.99503575
 0.18932656 0.99697206
 0.12596946 0.99483560
 0.06363017 0.98878030
 0.00252677 0.97896964
-0.05714364 0.96557417
-0.11520404 0.94876915
-0.17149650 0.92873267
-0.22588105 0.90564386
-0.27823445 0.87968143
-0.32844892 0.85102242
-0.37643084 0.81984125
-0.42209950 0.78630882
-0.46538581 0.75059200
-0.50623109 0.71285310
-0.54458594 0.67324960
-0.58040909 0.63193401
-0.61366644 0.58905377
-0.64433005 0.54475135
-0.67237730 0.49916434
-0.69779010 0.45242570
-0.72055410 0.40466402
-0.74065816 0.35600381
-0.75809369 0.30656579
-0.77285314 0.25646999
-0.78493902 0.20581637
-0.79433582 0.15473099
-0.80093466 0.10378365
-0.80590149 0.04724085
-0.80871592 0.00000000
