 1.03816688 0.00000000
 1.03572823 0.08141396
 1.02571568 0.16261555
 1.00917190 0.24244047
 0.98617697 0.32065697
 0.95691929 0.39664706
 0.92161572 0.46991651
 0.88053431 0.53996987
 0.83398176 0.60634604
 0.78230329 0.66861438
 0.72587792 0.72637959
 0.66511481 0.77928390
 0.60044904 0.82700940
 0.53233738 0.86927959
 0.46125401 0.90586052
 0.38768620 0.93656145
 0.31213016 0.96123502
 0.23508697 0.97977700
 0.15705869 0.99212563
 0.07854472 0.99826060
 0.00003841 0.99820177
-0.07797612 0.99200756
-0.15502680 0.97977320
-0.23065618 0.96162872
-0.30442368 0.93773690
-0.37590762 0.90829110
-0.44470685 0.87351299
-0.51044226 0.83365039
-0.57275796 0.78897499
-0.63132226 0.73978018
-0.68582849 0.68637895
-0.73599557 0.62910178
-0.78156850 0.56829472
-0.82231874 0.50431742
-0.85804409 0.43754164
-0.88857081 0.36834779
-0.91374447 0.29713319
-0.93346867 0.22425863
-0.94756219 0.15029906
-0.95614597 0.07492844
-0.96085285 0.00000000
