 0.90038311 0.00000000
 0.88874330 0.06388655
 0.88040068 0.14211509
 0.86882336 0.20955737
 0.85130128 0.27822580
 0.82896211 0.34532771
 0.80175388 0.41086580
 0.76979773 0.47447020
 0.73319747 0.53582303
 0.69207720 0.59460129
 0.64658017 0.65048333
 0.59687065 0.70314911
 0.54313528 0.75228125
 0.48558443 0.79756644
 0.42445341 0.83869707
 0.36000372 0.87537317
 0.29252410 0.90730472
 0.22233143 0.93421430
 0.14977140 0.95584004
 0.07521886 0.97193893
-0.00092223 0.98229042
-0.07821928 0.98670025
-0.15621207 0.98500459
-0.23441439 0.97707420
-0.31231631 0.96281874
-0.38938716 0.94219098
-0.46507926 0.91519092
-0.53883247 0.88186950
-0.61007940 0.84233195
-0.67825140 0.79674053
-0.74278518 0.74531651
-0.80313003 0.68834124
-0.85875534 0.62615623
-0.90915840 0.55916221
-0.95387257 0.48781581
-0.99247294 0.41263221
-1.02459007 0.33414187
-1.04988364 0.25309153
-1.06807100 0.16928698
-1.07868615 0.08679378
-1.08706574 0.00000000
