 4.81922064 0.00000000
 4.80771426 0.13599415
 4.77116006 0.29029239
 4.70239508 0.45880174
 4.64630013 0.55520710
 4.56901688 0.65719397
 4.46713832 0.75909923
 4.37475342 0.83042963
 4.26131549 0.89717114
 4.12640637 0.95308732
 3.95359727 0.99410051
 3.80727207 1.00441944
 3.67615432 0.99534366
 3.56092597 0.97284255
 3.42253139 0.92610592
 3.28709915 0.85640185
 3.18376640 0.78345588
 3.10468954 0.71219484
 3.02787163 0.62544865
 2.96111459 0.52939420
 2.90618936 0.42545301
 2.86795521 0.32654763
 2.83899388 0.22093647
 2.80508772 0.00000000
