 5.19051801 0.00000000
 5.16502252 0.20506152
 5.12352246 0.34472695
 5.05825482 0.48693549
 4.96628245 0.62523158
 4.86413224 0.73580133
 4.73287764 0.83890337
 4.57495963 0.92403602
 4.44314951 0.96966590
 4.29569612 0.99801276
 4.13777339 1.00390003
 3.95835029 0.97973806
 3.82356374 0.93883117
 3.66933901 0.86405424
 3.52823154 0.76220535
 3.44067374 0.67652518
 3.35565378 0.56772366
 3.29862131 0.47156558
 3.25444990 0.37234105
 3.22198144 0.26992309
 3.19285130 0.14165171
 3.17379803 0.00000000
