 0.80222552 0.00000000
 0.79453831 0.04276301
 0.78668510 0.13338753
 0.77821480 0.19069966
 0.76369103 0.25372144
 0.74499287 0.31535226
 0.72203121 0.37598721
 0.69489683 0.43528304
 0.66363509 0.49299138
 0.62828974 0.54885690
 0.58891064 0.60261669
 0.54555805 0.65399843
 0.49830615 0.70271955
 0.44724614 0.74848705
 0.39248925 0.79099780
 0.33416996 0.82993926
 0.27244927 0.86499069
 0.20751821 0.89582497
 0.13960128 0.92211103
 0.06895992 0.94351702
-0.00410413 0.95971429
-0.07924585 0.97038221
-0.15607431 0.97521382
-0.23415076 0.97392247
-0.31298759 0.96624926
-0.39204832 0.95197126
-0.47074908 0.93091037
-0.54846154 0.90294264
-0.62451775 0.86800772
-0.69821689 0.82611810
-0.76883416 0.77736773
-0.83563164 0.72193948
-0.89787124 0.66011097
-0.95482880 0.59225864
-1.00581154 0.51885448
-1.05016301 0.44048861
-1.08732239 0.35770014
-1.11662269 0.27184983
-1.13782413 0.18008039
-1.14882228 0.09824807
-1.16889710 0.00000000
