 3.76829787 0.00000000
 3.75815995 0.13091710
 3.72529846 0.27834255
 3.66359813 0.43804346
 3.59394161 0.55996866
 3.46685074 0.71352995
 3.32632742 0.82930457
 3.19820193 0.90335799
 3.06494909 0.95649715
 2.92988919 0.98925463
 2.73411803 1.00297729
 2.58566414 0.98756279
 2.46027501 0.95659307
 2.35581158 0.91688180
 2.23779999 0.85439934
 2.11608312 0.76569630
 2.00169764 0.65082391
 1.91527223 0.53167148
 1.86397188 0.43806832
 1.81495735 0.31555555
 1.78719093 0.21041804
 1.76145652 0.00000000
