 0.81288230 0.00000000
 0.80433008 0.04488279
 0.79630051 0.13421383
 0.78755768 0.19253424
 0.77273395 0.25614554
 0.75368376 0.31832751
 0.73031075 0.37946162
 0.70270963 0.43920009
 0.67092971 0.49728934
 0.63502126 0.55346750
 0.59504200 0.60746564
 0.55106129 0.65900620
 0.50316340 0.70780230
 0.45145045 0.75355789
 0.39604534 0.79596808
 0.33709474 0.83472010
 0.27477230 0.86949467
 0.20928180 0.89996792
 0.14086045 0.92581399
 0.06978203 0.94670831
-0.00364012 0.96233160
-0.07905047 0.97237470
-0.15604909 0.97654420
-0.23419019 0.97456891
-0.31298149 0.96620702
-0.39188472 0.95125403
-0.47031736 0.92955109
-0.54765600 0.90099381
-0.62324134 0.86554093
-0.69638502 0.82322287
-0.76637838 0.77414945
-0.83250305 0.71851659
-0.89404337 0.65661124
-0.95029981 0.58881475
-1.00060528 0.51559960
-1.04433053 0.43754857
-1.08093616 0.35520590
-1.10979989 0.26984168
-1.13066841 0.17903351
-1.14170946 0.09680193
-1.15975923 0.00000000
