 1.23491671 0.00000000
 1.21510290 0.19710183
 1.18090124 0.32367601
 1.13087495 0.44388290
 1.06611184 0.55584474
 0.94609615 0.70302033
 0.80441715 0.82210052
 0.64826783 0.91075859
 0.48454276 0.96858893
 0.31938162 0.99671960
 0.15790674 0.99735935
 0.00414952 0.97336554
-0.13889084 0.92788429
-0.26911018 0.86408385
-0.38512860 0.78497932
-0.48611740 0.69333408
-0.57164262 0.59161950
-0.64153237 0.48201568
-0.69576945 0.36644080
-0.73443542 0.24655973
-0.75754924 0.12406408
-0.76514254 0.00000000
