 7.22332803 0.00000000
 7.20725272 0.15300408
 7.17357787 0.28991528
 7.11025193 0.44533007
 7.00976986 0.60751886
 6.91176417 0.71926140
 6.80236505 0.81172495
 6.68716404 0.88470661
 6.57631945 0.93653159
 6.44692124 0.97753406
 6.30111305 1.00201525
 6.14354287 1.00427850
 5.97300895 0.97829082
 5.80445750 0.92139100
 5.67732446 0.85413762
 5.53998318 0.75113034
 5.43118541 0.63835551
 5.36403736 0.54416754
 5.30797720 0.43239118
 5.27328488 0.31413243
 5.25357997 0.19415319
 5.24378788 0.15516877
 5.23023718 0.12447260
 5.21838978 0.10604039
 5.19614244 0.08182269
 5.16767356 0.05932939
 5.13684238 0.03137242
 5.12625303 0.01208979
 5.12421843 0.00000000
