 0.73319115 0.00000000
 0.72970037 0.03150185
 0.72326834 0.12795421
 0.71632631 0.17920388
 0.70369133 0.23822817
 0.68718748 0.29627899
 0.66680367 0.35363976
 0.64259851 0.41001377
 0.61459661 0.46517678
 0.58280601 0.51891288
 0.54723258 0.57099733
 0.50788482 0.62119322
 0.46477835 0.66924862
 0.41793959 0.71489506
 0.36740952 0.75784667
 0.31324749 0.79779963
 0.25553540 0.83443223
 0.19438231 0.86740543
 0.12992923 0.89636414
 0.06235434 0.92093933
-0.00812162 0.94075106
-0.08122986 0.95541272
-0.15664819 0.96453649
-0.23399593 0.96774025
-0.31282955 0.96465596
-0.39263924 0.95493968
-0.47284694 0.93828302
-0.55280630 0.91442610
-0.63180497 0.88317153
-0.70906983 0.84439920
-0.78377546 0.79808109
-0.85505620 0.74429552
-0.92202206 0.68323948
-0.98377710 0.61523993
-1.03944637 0.54074883
-1.08817211 0.46040712
-1.12925227 0.37463438
-1.16161628 0.28577604
-1.18511271 0.18589578
-1.19432957 0.11054158
-1.24821363 0.00000000
