 0.87080637 0.00000000
 0.85884306 0.05750056
 0.85044886 0.13907688
 0.83995578 0.20330538
 0.82340982 0.27017485
 0.80228577 0.33550382
 0.77649484 0.39946414
 0.74614885 0.46169288
 0.71132736 0.52189839
 0.67212440 0.57978004
 0.62864922 0.63503476
 0.58102900 0.68735666
 0.52941099 0.73643760
 0.47396442 0.78196817
 0.41488247 0.82363892
 0.35238424 0.86114207
 0.28671667 0.89417359
 0.21815633 0.92243572
 0.14701110 0.94563995
 0.07362150 0.96351055
-0.00163828 0.97578847
-0.07835977 0.98223578
-0.15610029 0.98264047
-0.23438357 0.97682165
-0.31270125 0.96463502
-0.39051522 0.94597845
-0.46726099 0.92079766
-0.54235201 0.88909164
-0.61518519 0.85091781
-0.68514745 0.80639654
-0.75162327 0.75571491
-0.81400321 0.69912937
-0.87169323 0.63696719
-0.92412441 0.56962661
-0.97076361 0.49757346
-1.01111966 0.42134781
-1.04476648 0.34149396
-1.07128213 0.25890297
-1.09037494 0.17283265
-1.10125175 0.08990784
-1.11204911 0.00000000
