 1.71890974 0.00000000
 1.72230192 0.09406542
 1.69362351 0.26338899
 1.65213561 0.37846330
 1.59781026 0.48994213
 1.53092189 0.59251652
 1.45490694 0.68307304
 1.37176961 0.76156031
 1.28390833 0.82769488
 1.19335401 0.88180566
 1.10189516 0.92450583
 1.01100346 0.95663298
 0.92185160 0.97914819
 0.83533347 0.99306468
 0.75209898 0.99939275
 0.67259176 0.99910177
 0.59708684 0.99309609
 0.52572515 0.98220150
 0.45854400 0.96715963
 0.39550273 0.94862771
 0.33650390 0.92718200
 0.28141030 0.90332323
 0.23005840 0.87748322
 0.18226875 0.85003195
 0.13785391 0.82128450
 0.09662435 0.79150775
 0.05839282 0.76092652
 0.02297738 0.72972919
-0.00979646 0.69807270
-0.04009432 0.66608697
-0.06807217 0.63387877
-0.09387588 0.60153514
-0.11764108 0.56912625
-0.13949330 0.53670797
-0.15954818 0.50432400
-0.17791178 0.47200776
-0.19468103 0.43978397
-0.20994413 0.40767000
-0.22378095 0.37567707
-0.23626347 0.34381124
-0.24745612 0.31207440
-0.25741606 0.28046518
-0.26619326 0.24898009
-0.27383028 0.21761570
-0.28036151 0.18637248
-0.28581390 0.15525050
-0.29017293 0.12442435
-0.29331151 0.09487950
-0.29546357 0.06399292
-0.29763911 0.01418071
-0.29804609 0.00000000
