 1.45235156 0.00000000
 1.44990213 0.04686556
 1.44169987 0.12678867
 1.41546445 0.24901812
 1.37516017 0.36267789
 1.32076287 0.47001014
 1.25468022 0.56732791
 1.17904807 0.65340013
 1.09621102 0.72739265
 1.00841149 0.78906148
 0.91771098 0.83859987
 0.82591637 0.87653819
 0.73454858 0.90364168
 0.64483904 0.92082073
 0.55774592 0.92905693
 0.47398258 0.92934590
 0.39405165 0.92265598
 0.31828042 0.90990051
 0.24685461 0.89192105
 0.17984879 0.86947895
 0.11725271 0.84325293
 0.05899345 0.81384077
 0.00495356 0.78176365
-0.04501441 0.74747204
-0.09107640 0.71135229
-0.13340800 0.67373345
-0.17218761 0.63489391
-0.20759140 0.59506769
-0.23978948 0.55445021
-0.26894313 0.51320360
-0.29520263 0.47146144
-0.31870571 0.42933323
-0.33957607 0.38690862
-0.35792209 0.34426170
-0.37383496 0.30145644
-0.38738521 0.25855669
-0.39862259 0.21562021
-0.40748082 0.17303524
-0.41433103 0.12890942
-0.41936403 0.07629932
-0.42052092 0.00840639
-0.42095277 0.00000000
