 0.86892734 0.00000000
 0.85700179 0.05708184
 0.84860598 0.13890058
 0.83817767 0.20292718
 0.82169113 0.26968649
 0.80064022 0.33490714
 0.77493454 0.39877076
 0.74468538 0.46091481
 0.70997099 0.52104916
 0.67088372 0.57887452
 0.62753083 0.63408900
 0.58003737 0.68638760
 0.52854826 0.73546284
 0.47323028 0.78100561
 0.41427410 0.82270648
 0.35189626 0.86025730
 0.28634115 0.89335332
 0.21788287 0.92169565
 0.14682691 0.94499431
 0.07351162 0.96297167
-0.00169073 0.97536644
-0.07837330 0.98193808
-0.15609461 0.98247169
-0.23437919 0.97678323
-0.31271894 0.96472507
-0.39057545 0.94619166
-0.46738335 0.92112528
-0.54255460 0.88952160
-0.61548401 0.85143494
-0.68555581 0.80698292
-0.75215128 0.75635030
-0.81465733 0.69979182
-0.87247591 0.63763371
-0.92503388 0.57027390
-0.97179386 0.49817867
-1.01226036 0.42188960
-1.04600368 0.34195157
-1.07259625 0.25926577
-1.09174656 0.17304909
-1.10263659 0.09011360
-1.11360788 0.00000000
