 5.71627155 0.00000000
 5.70433615 0.13641097
 5.64652999 0.34815625
 5.58405516 0.48500779
 5.49702369 0.61696334
 5.38895578 0.73540352
 5.26139856 0.83652102
 5.13164795 0.90961509
 5.00585840 0.95886931
 4.86968983 0.99152022
 4.73269719 1.00469606
 4.59787203 0.99946374
 4.45470718 0.97366857
 4.31736039 0.92736519
 4.19135621 0.86349519
 4.06915565 0.77741364
 3.98963178 0.70398678
 3.90844490 0.60964264
 3.81988121 0.46917969
 3.76941644 0.34187278
 3.73376078 0.19134547
 3.70670490 0.10000805
 3.69437848 0.07304242
 3.66933903 0.02513680
 3.66315113 0.00593659
 3.66281035 0.00000000
